Date,Open,Close,High,Low
2023-03-01 08:00:00,0.02,0.58702,1.27999,0.02
2023-03-01 12:00:00,0.58702,0.61362,0.691,0.551
2023-03-01 16:00:00,0.61202,0.633,0.74151,0.61
2023-03-01 20:00:00,0.63085,0.538,0.67,0.538
2023-03-02 00:00:00,0.53801,0.561,0.584,0.42579
2023-03-02 04:00:00,0.56573,0.61065,0.64,0.56
2023-03-02 08:00:00,0.61068,0.54697,0.6521,0.51867
2023-03-02 12:00:00,0.54688,0.525,0.57214,0.463
2023-03-02 16:00:00,0.52501,0.54999,0.55,0.503
2023-03-02 20:00:00,0.54998,0.50654,0.55,0.5
2023-03-03 00:00:00,0.50501,0.47292,0.5485,0.4319
2023-03-03 04:00:00,0.47292,0.46918,0.48799,0.45175
2023-03-03 08:00:00,0.46817,0.51673,0.54,0.46245
2023-03-03 12:00:00,0.52388,0.516,0.53497,0.51
2023-03-03 16:00:00,0.51998,0.51027,0.529,0.50202
2023-03-03 20:00:00,0.51023,0.49221,0.51606,0.48149
2023-03-04 00:00:00,0.49221,0.49654,0.5181,0.47
2023-03-04 04:00:00,0.49655,0.49991,0.50893,0.4832
2023-03-04 08:00:00,0.50499,0.56604,0.63596,0.4993
2023-03-04 12:00:00,0.56604,0.55,0.58772,0.54126
2023-03-04 16:00:00,0.54553,0.59356,0.6603,0.52841
2023-03-04 20:00:00,0.59827,0.58284,0.6112,0.54998
2023-03-05 00:00:00,0.58286,0.5616,0.6121,0.55101
2023-03-05 04:00:00,0.5616,0.5658,0.5801,0.55101
2023-03-05 08:00:00,0.56577,0.55021,0.5799,0.55001
2023-03-05 12:00:00,0.55023,0.58638,0.61,0.55
2023-03-05 16:00:00,0.59089,0.58594,0.59955,0.58
2023-03-05 20:00:00,0.58592,0.58603,0.60938,0.58
2023-03-06 00:00:00,0.58694,0.58951,0.60938,0.58001
2023-03-06 04:00:00,0.58801,0.5503,0.5979,0.55
2023-03-06 08:00:00,0.55503,0.56118,0.57991,0.50002
2023-03-06 12:00:00,0.56226,0.56412,0.58,0.55332
2023-03-06 16:00:00,0.56947,0.55266,0.57978,0.54664
2023-03-06 20:00:00,0.55917,0.54531,0.56763,0.53
2023-03-07 00:00:00,0.54532,0.57785,0.5779,0.51652
2023-03-07 04:00:00,0.57699,0.56446,0.585,0.55128
2023-03-07 08:00:00,0.56446,0.56811,0.585,0.551
2023-03-07 12:00:00,0.56834,0.55125,0.5775,0.543
2023-03-07 16:00:00,0.55103,0.54,0.559,0.53
2023-03-07 20:00:00,0.54114,0.53782,0.55772,0.52
2023-03-08 00:00:00,0.53767,0.4955,0.55999,0.495
2023-03-08 04:00:00,0.4955,0.50024,0.5007,0.48
2023-03-08 08:00:00,0.50012,0.49295,0.50044,0.46238
2023-03-08 12:00:00,0.49823,0.48699,0.50013,0.46
2023-03-08 16:00:00,0.48701,0.47,0.49784,0.45
2023-03-08 20:00:00,0.47,0.4508,0.47539,0.45
2023-03-09 00:00:00,0.45069,0.45411,0.46933,0.45
2023-03-09 04:00:00,0.4542,0.477,0.49,0.45
2023-03-09 08:00:00,0.477,0.48971,0.49031,0.47
2023-03-09 12:00:00,0.4897,0.48798,0.48973,0.47569
2023-03-09 16:00:00,0.48798,0.46108,0.49784,0.46
2023-03-09 20:00:00,0.46108,0.4,0.47318,0.395
2023-03-10 00:00:00,0.4,0.43366,0.437,0.37
2023-03-10 04:00:00,0.43366,0.38999,0.437,0.38423
2023-03-10 08:00:00,0.38505,0.38671,0.42699,0.37802
2023-03-10 12:00:00,0.39002,0.45999,0.485,0.39002
2023-03-10 16:00:00,0.45591,0.43882,0.46,0.42001
2023-03-10 20:00:00,0.43882,0.42454,0.44606,0.413
2023-03-11 00:00:00,0.43229,0.42801,0.44605,0.423
2023-03-11 04:00:00,0.42819,0.41001,0.42832,0.4
2023-03-11 08:00:00,0.41001,0.40978,0.41826,0.371
2023-03-11 12:00:00,0.41428,0.41081,0.41781,0.40092
2023-03-11 16:00:00,0.41348,0.38711,0.41698,0.37499
2023-03-11 20:00:00,0.38748,0.41745,0.4322,0.38748
2023-03-12 00:00:00,0.4137,0.41258,0.43214,0.40869
2023-03-12 04:00:00,0.414,0.4139,0.4272,0.39621
2023-03-12 08:00:00,0.41374,0.41816,0.41816,0.40896
2023-03-12 12:00:00,0.415,0.40496,0.436,0.39005
2023-03-12 16:00:00,0.40494,0.42001,0.429,0.38039
2023-03-12 20:00:00,0.42001,0.4386,0.4444,0.42001
2023-03-13 00:00:00,0.4386,0.4392,0.45999,0.42604
2023-03-13 04:00:00,0.43921,0.4458,0.46735,0.43468
2023-03-13 08:00:00,0.44577,0.42445,0.4562,0.42201
2023-03-13 12:00:00,0.42445,0.48147,0.4949,0.42445
2023-03-13 16:00:00,0.47572,0.47512,0.51466,0.468
2023-03-13 20:00:00,0.47651,0.46005,0.48265,0.45438
2023-03-14 00:00:00,0.46372,0.44983,0.47096,0.4446
2023-03-14 04:00:00,0.44983,0.45705,0.47713,0.43898
2023-03-14 08:00:00,0.45705,0.45652,0.47997,0.4376
2023-03-14 12:00:00,0.45996,0.50513,0.54728,0.4535
2023-03-14 16:00:00,0.508,0.48322,0.5333,0.47012
2023-03-14 20:00:00,0.48344,0.48182,0.499,0.47379
2023-03-15 00:00:00,0.48675,0.54096,0.54728,0.48171
2023-03-15 04:00:00,0.54096,0.52022,0.54096,0.5092
2023-03-15 08:00:00,0.52258,0.554,0.64199,0.50929
2023-03-15 12:00:00,0.554,0.54067,0.60399,0.5401
2023-03-15 16:00:00,0.54034,0.58999,0.599,0.535
2023-03-15 20:00:00,0.58673,0.57412,0.599,0.55
2023-03-16 00:00:00,0.57412,0.59668,0.60166,0.55
2023-03-16 04:00:00,0.59498,0.60999,0.60999,0.576
2023-03-16 08:00:00,0.60999,0.59967,0.61,0.571
2023-03-16 12:00:00,0.5996,0.595,0.61996,0.57
2023-03-16 16:00:00,0.6,0.59335,0.61899,0.58
2023-03-16 20:00:00,0.59957,0.59999,0.6,0.5834
2023-03-17 00:00:00,0.59395,0.4488,0.60218,0.4488
2023-03-17 04:00:00,0.45073,0.48871,0.52,0.38511
2023-03-17 08:00:00,0.48928,0.5451,0.6,0.461
2023-03-17 12:00:00,0.5451,0.51,0.55526,0.45778
2023-03-17 16:00:00,0.50999,0.51069,0.53352,0.48523
2023-03-17 20:00:00,0.51069,0.52738,0.53799,0.4985
2023-03-18 00:00:00,0.52551,0.51597,0.54213,0.46499
2023-03-18 04:00:00,0.51603,0.51001,0.53629,0.50002
2023-03-18 08:00:00,0.51001,0.5,0.5102,0.49211
2023-03-18 12:00:00,0.50001,0.48167,0.518,0.48
2023-03-18 16:00:00,0.48167,0.48499,0.48501,0.45606
2023-03-18 20:00:00,0.48499,0.47481,0.485,0.47075
2023-03-19 00:00:00,0.47698,0.4709,0.48025,0.46106
2023-03-19 04:00:00,0.47099,0.4478,0.47099,0.42638
2023-03-19 08:00:00,0.44799,0.47501,0.47998,0.44372
2023-03-19 12:00:00,0.47686,0.46862,0.49498,0.46201
2023-03-19 16:00:00,0.46862,0.47002,0.485,0.46223
2023-03-19 20:00:00,0.47298,0.4762,0.4765,0.44099
2023-03-20 00:00:00,0.47495,0.467,0.50918,0.45156
2023-03-20 04:00:00,0.4653,0.46981,0.48609,0.46501
2023-03-20 08:00:00,0.47043,0.47839,0.47843,0.46
2023-03-20 12:00:00,0.47482,0.46764,0.48027,0.46001
2023-03-20 16:00:00,0.46302,0.45502,0.48263,0.45416
2023-03-20 20:00:00,0.45825,0.44481,0.46957,0.43
2023-03-21 00:00:00,0.44043,0.46959,0.47,0.43579
2023-03-21 04:00:00,0.46799,0.43875,0.46799,0.43001
2023-03-21 08:00:00,0.43868,0.44692,0.45259,0.43101
2023-03-21 12:00:00,0.4417,0.4459,0.46199,0.43454
2023-03-21 16:00:00,0.44584,0.465,0.4916,0.43505
2023-03-21 20:00:00,0.46444,0.432,0.47179,0.43199
2023-03-22 00:00:00,0.432,0.45208,0.46193,0.432
2023-03-22 04:00:00,0.44875,0.44491,0.45334,0.435
2023-03-22 08:00:00,0.44479,0.43936,0.45775,0.435
2023-03-22 12:00:00,0.43698,0.43814,0.44354,0.43
2023-03-22 16:00:00,0.435,0.41496,0.44718,0.41265
2023-03-22 20:00:00,0.41399,0.44148,0.44707,0.41
2023-03-23 00:00:00,0.44148,0.43846,0.44169,0.42625
2023-03-23 04:00:00,0.43453,0.42393,0.43453,0.41774
2023-03-23 08:00:00,0.42352,0.41615,0.4308,0.413
2023-03-23 12:00:00,0.4209,0.416,0.4258,0.398
2023-03-23 16:00:00,0.41701,0.4052,0.42951,0.39216
2023-03-23 20:00:00,0.4052,0.41025,0.41799,0.39
2023-03-24 00:00:00,0.41025,0.41264,0.43498,0.40375
2023-03-24 04:00:00,0.41264,0.40975,0.427,0.39901
2023-03-24 08:00:00,0.40975,0.40484,0.42,0.40178
2023-03-24 12:00:00,0.40209,0.39501,0.41383,0.395
2023-03-24 16:00:00,0.3955,0.39345,0.41757,0.38701
2023-03-24 20:00:00,0.39345,0.4043,0.41498,0.384
2023-03-25 00:00:00,0.4043,0.39461,0.40856,0.38401
2023-03-25 04:00:00,0.39517,0.39756,0.40347,0.37906
2023-03-25 08:00:00,0.39756,0.39756,0.4,0.38794
2023-03-25 12:00:00,0.39893,0.40347,0.40351,0.3913
2023-03-25 16:00:00,0.40345,0.41521,0.42999,0.40345
2023-03-25 20:00:00,0.41522,0.41847,0.42361,0.40396
2023-03-26 00:00:00,0.4224,0.42143,0.4299,0.40493
2023-03-26 04:00:00,0.42491,0.41601,0.426,0.41499
2023-03-26 08:00:00,0.41601,0.39971,0.42043,0.39101
2023-03-26 12:00:00,0.39971,0.40374,0.40969,0.39566
2023-03-26 16:00:00,0.40174,0.39764,0.40492,0.391
2023-03-26 20:00:00,0.39511,0.404,0.404,0.39223
2023-03-27 00:00:00,0.4,0.40408,0.40533,0.39913
2023-03-27 04:00:00,0.40051,0.39583,0.40393,0.39582
2023-03-27 08:00:00,0.39583,0.40403,0.406,0.393
2023-03-27 12:00:00,0.40409,0.3933,0.41999,0.3932
2023-03-27 16:00:00,0.3933,0.39431,0.4,0.39
2023-03-27 20:00:00,0.39125,0.39375,0.39375,0.37666
2023-03-28 00:00:00,0.38995,0.35933,0.38995,0.35
2023-03-28 04:00:00,0.35933,0.36078,0.37242,0.3565
2023-03-28 08:00:00,0.36159,0.34,0.36159,0.32178
2023-03-28 12:00:00,0.34363,0.32848,0.34662,0.31601
2023-03-28 16:00:00,0.32855,0.35499,0.35499,0.3125
2023-03-28 20:00:00,0.355,0.34995,0.36826,0.34371
2023-03-29 00:00:00,0.34995,0.34241,0.35688,0.33867
2023-03-29 04:00:00,0.33959,0.33404,0.35595,0.3332
2023-03-29 08:00:00,0.33818,0.33083,0.34547,0.32527
2023-03-29 12:00:00,0.32689,0.33653,0.34,0.32526
2023-03-29 16:00:00,0.34,0.32645,0.34126,0.32
2023-03-29 20:00:00,0.32596,0.3134,0.32777,0.308
2023-03-30 00:00:00,0.31563,0.31609,0.3161,0.3101
2023-03-30 04:00:00,0.31609,0.31944,0.33103,0.31281
2023-03-30 08:00:00,0.32267,0.32009,0.32989,0.31743
2023-03-30 12:00:00,0.32036,0.36662,0.38003,0.3145
2023-03-30 16:00:00,0.37034,0.34571,0.372,0.34096
2023-03-30 20:00:00,0.34571,0.34713,0.34981,0.3388
2023-03-31 00:00:00,0.34672,0.34899,0.35999,0.34
2023-03-31 04:00:00,0.349,0.3537,0.35715,0.34653
2023-03-31 08:00:00,0.3537,0.34817,0.35775,0.34734
2023-03-31 12:00:00,0.34816,0.34811,0.35885,0.3481
2023-03-31 16:00:00,0.34812,0.3379,0.35133,0.33308
2023-03-31 20:00:00,0.34241,0.343,0.34454,0.33761
2023-04-01 00:00:00,0.34007,0.3399,0.3434,0.33308
2023-04-01 04:00:00,0.33996,0.34388,0.35152,0.33427
2023-04-01 08:00:00,0.34389,0.32091,0.34808,0.31568
2023-04-01 12:00:00,0.32463,0.327,0.34,0.32221
2023-04-01 16:00:00,0.32619,0.3278,0.33192,0.31801
2023-04-01 20:00:00,0.32411,0.33864,0.34959,0.32275
2023-04-02 00:00:00,0.3385,0.33429,0.36,0.33308
2023-04-02 04:00:00,0.33503,0.335,0.34039,0.33422
2023-04-02 08:00:00,0.33501,0.33256,0.33962,0.3294
2023-04-02 12:00:00,0.33256,0.32805,0.33817,0.315
2023-04-02 16:00:00,0.325,0.3303,0.3305,0.32108
2023-04-02 20:00:00,0.3305,0.33906,0.34569,0.32599
2023-04-03 00:00:00,0.34242,0.33431,0.34723,0.3275
2023-04-03 04:00:00,0.33432,0.33398,0.34096,0.32926
2023-04-03 08:00:00,0.3333,0.3457,0.35,0.3333
2023-04-03 12:00:00,0.34571,0.34759,0.365,0.34571
2023-04-03 16:00:00,0.34734,0.34937,0.36397,0.34607
2023-04-03 20:00:00,0.34937,0.35975,0.36091,0.34231
2023-04-04 00:00:00,0.359,0.3476,0.359,0.3476
2023-04-04 04:00:00,0.35064,0.35587,0.35587,0.34381
2023-04-04 08:00:00,0.35587,0.32422,0.35881,0.3094
2023-04-04 12:00:00,0.32051,0.32958,0.33355,0.32051
2023-04-04 16:00:00,0.3308,0.33283,0.33399,0.32501
2023-04-04 20:00:00,0.33283,0.32927,0.33576,0.3292
2023-04-05 00:00:00,0.32927,0.33263,0.33767,0.32927
2023-04-05 04:00:00,0.33238,0.33121,0.33928,0.33117
2023-04-05 08:00:00,0.33535,0.33517,0.34229,0.331
2023-04-05 12:00:00,0.33476,0.32415,0.33677,0.31899
2023-04-05 16:00:00,0.32621,0.33005,0.33154,0.325
2023-04-05 20:00:00,0.33005,0.33572,0.33576,0.33005
2023-04-06 00:00:00,0.3351,0.32807,0.34221,0.328
2023-04-06 04:00:00,0.32857,0.3204,0.32991,0.32039
2023-04-06 08:00:00,0.32219,0.31686,0.32219,0.3105
2023-04-06 12:00:00,0.31687,0.32503,0.32503,0.31424
2023-04-06 16:00:00,0.32503,0.31997,0.32503,0.31355
2023-04-06 20:00:00,0.31959,0.3185,0.32267,0.31469
2023-04-07 00:00:00,0.3185,0.32358,0.32496,0.31442
2023-04-07 04:00:00,0.32006,0.3165,0.32268,0.316
2023-04-07 08:00:00,0.3165,0.31461,0.31651,0.31
2023-04-07 12:00:00,0.3136,0.33013,0.33361,0.31006
2023-04-07 16:00:00,0.33254,0.32926,0.33362,0.32224
2023-04-07 20:00:00,0.3332,0.32252,0.33583,0.32252
2023-04-08 00:00:00,0.32464,0.326,0.32674,0.312
2023-04-08 04:00:00,0.32327,0.32326,0.32926,0.31859
2023-04-08 08:00:00,0.31994,0.32657,0.32657,0.31513
2023-04-08 12:00:00,0.32271,0.32422,0.33658,0.31714
2023-04-08 16:00:00,0.32464,0.31942,0.33903,0.318
2023-04-08 20:00:00,0.31942,0.32597,0.33369,0.31709
2023-04-09 00:00:00,0.32567,0.33012,0.33367,0.32337
2023-04-09 04:00:00,0.32927,0.33063,0.33369,0.3284
2023-04-09 08:00:00,0.33021,0.336,0.33899,0.33008
2023-04-09 12:00:00,0.33845,0.32856,0.33889,0.29961
2023-04-09 16:00:00,0.32774,0.32197,0.32848,0.3126
2023-04-09 20:00:00,0.31889,0.31425,0.31889,0.31203
2023-04-10 00:00:00,0.31785,0.31373,0.31785,0.30866
2023-04-10 04:00:00,0.31439,0.3142,0.31512,0.31166
2023-04-10 08:00:00,0.3142,0.30978,0.31705,0.30642
2023-04-10 12:00:00,0.30994,0.30301,0.31599,0.30294
2023-04-10 16:00:00,0.30445,0.32162,0.32326,0.30374
2023-04-10 20:00:00,0.32335,0.32834,0.33,0.31851
2023-04-11 00:00:00,0.32555,0.32655,0.32905,0.32424
2023-04-11 04:00:00,0.32575,0.31543,0.32575,0.31543
2023-04-11 08:00:00,0.3177,0.3185,0.31858,0.31424
2023-04-11 12:00:00,0.31849,0.315,0.31939,0.3122
2023-04-11 16:00:00,0.315,0.3265,0.32889,0.31001
2023-04-11 20:00:00,0.3265,0.339,0.33922,0.3265
2023-04-12 00:00:00,0.339,0.32268,0.35023,0.32268
2023-04-12 04:00:00,0.32338,0.32652,0.33154,0.31863
2023-04-12 08:00:00,0.3275,0.34628,0.34821,0.3275
2023-04-12 12:00:00,0.34811,0.34952,0.35561,0.34283
2023-04-12 16:00:00,0.34952,0.34375,0.37899,0.34361
2023-04-12 20:00:00,0.34361,0.3414,0.34726,0.3389
2023-04-13 00:00:00,0.34138,0.34094,0.34779,0.34094
2023-04-13 04:00:00,0.34089,0.34355,0.34571,0.3407
2023-04-13 08:00:00,0.3434,0.34776,0.34792,0.34215
2023-04-13 12:00:00,0.34776,0.34371,0.34792,0.34333
2023-04-13 16:00:00,0.34371,0.35173,0.36405,0.34371
2023-04-13 20:00:00,0.3481,0.35035,0.3552,0.34573
2023-04-14 00:00:00,0.35035,0.34776,0.355,0.3474
2023-04-14 04:00:00,0.35134,0.326,0.35229,0.32
2023-04-14 08:00:00,0.326,0.31775,0.32774,0.31743
2023-04-14 12:00:00,0.31778,0.31938,0.345,0.31777
2023-04-14 16:00:00,0.31922,0.3161,0.32311,0.30639
2023-04-14 20:00:00,0.31566,0.31715,0.32176,0.30539
2023-04-15 00:00:00,0.3212,0.31808,0.32596,0.31309
2023-04-15 04:00:00,0.3178,0.31281,0.32235,0.31281
2023-04-15 08:00:00,0.31264,0.3148,0.3168,0.30714
2023-04-15 12:00:00,0.31562,0.31901,0.32171,0.31233
2023-04-15 16:00:00,0.32056,0.3148,0.32097,0.3136
2023-04-15 20:00:00,0.31586,0.31763,0.31938,0.3136
2023-04-16 00:00:00,0.31647,0.31974,0.31974,0.31611
2023-04-16 04:00:00,0.31968,0.3167,0.32383,0.31629
2023-04-16 08:00:00,0.31871,0.3134,0.3211,0.31
2023-04-16 12:00:00,0.31332,0.31876,0.31876,0.31121
2023-04-16 16:00:00,0.3188,0.3152,0.31922,0.30714
2023-04-16 20:00:00,0.31401,0.31498,0.31604,0.30538
2023-04-17 00:00:00,0.31465,0.31528,0.31571,0.30718
2023-04-17 04:00:00,0.3133,0.31518,0.31519,0.30727
2023-04-17 08:00:00,0.31186,0.3015,0.31377,0.3
2023-04-17 12:00:00,0.3015,0.307,0.307,0.29927
2023-04-17 16:00:00,0.305,0.31267,0.319,0.30409
2023-04-17 20:00:00,0.31201,0.31221,0.31437,0.3055
2023-04-18 00:00:00,0.30879,0.29463,0.30879,0.29311
2023-04-18 04:00:00,0.29545,0.27164,0.29566,0.26205
2023-04-18 08:00:00,0.27212,0.27105,0.2854,0.26301
2023-04-18 12:00:00,0.2684,0.2561,0.27045,0.255
2023-04-18 16:00:00,0.2561,0.256,0.2655,0.24777
2023-04-18 20:00:00,0.256,0.24962,0.25684,0.24777
2023-04-19 00:00:00,0.24934,0.24985,0.25684,0.24812
2023-04-19 04:00:00,0.25,0.23781,0.25,0.23781
2023-04-19 08:00:00,0.23856,0.22786,0.24091,0.2179
2023-04-19 12:00:00,0.227,0.22699,0.23039,0.21621
2023-04-19 16:00:00,0.22523,0.22586,0.22854,0.22122
2023-04-19 20:00:00,0.22595,0.22385,0.22999,0.2194
2023-04-20 00:00:00,0.22181,0.22279,0.2252,0.219
2023-04-20 04:00:00,0.22125,0.20326,0.22449,0.1991
2023-04-20 08:00:00,0.20292,0.202,0.20459,0.194
2023-04-20 12:00:00,0.20324,0.20179,0.20673,0.201
2023-04-20 16:00:00,0.20199,0.20082,0.20359,0.19706
2023-04-20 20:00:00,0.2,0.19881,0.2011,0.1976
2023-04-21 00:00:00,0.19845,0.20093,0.20142,0.19786
2023-04-21 04:00:00,0.20092,0.19908,0.20092,0.19546
2023-04-21 08:00:00,0.19899,0.1954,0.19951,0.19172
2023-04-21 12:00:00,0.19486,0.19346,0.19486,0.18796
2023-04-21 16:00:00,0.19332,0.1904,0.19594,0.18791
2023-04-21 20:00:00,0.1904,0.20022,0.20123,0.1904
2023-04-22 00:00:00,0.20113,0.20366,0.20569,0.19949
2023-04-22 04:00:00,0.20551,0.20496,0.20653,0.20335
2023-04-22 08:00:00,0.20512,0.21291,0.2152,0.20379
2023-04-22 12:00:00,0.21525,0.21629,0.22789,0.20689
2023-04-22 16:00:00,0.21569,0.2423,0.24679,0.21494
2023-04-22 20:00:00,0.24473,0.2456,0.25228,0.21981
2023-04-23 00:00:00,0.2456,0.21844,0.24665,0.21572
2023-04-23 04:00:00,0.21773,0.22804,0.2312,0.2159
2023-04-23 08:00:00,0.23109,0.22804,0.23282,0.22019
2023-04-23 12:00:00,0.22765,0.23578,0.26015,0.222
2023-04-23 16:00:00,0.23578,0.23498,0.24717,0.2307
2023-04-23 20:00:00,0.23498,0.23457,0.23969,0.22921
2023-04-24 00:00:00,0.23201,0.23924,0.23999,0.22854
2023-04-24 04:00:00,0.23925,0.22469,0.23925,0.22002
2023-04-24 08:00:00,0.22469,0.22678,0.22678,0.21663
2023-04-24 12:00:00,0.22692,0.22557,0.23081,0.22311
2023-04-24 16:00:00,0.22804,0.22919,0.22992,0.221
2023-04-24 20:00:00,0.22574,0.22737,0.23346,0.22316
2023-04-25 00:00:00,0.22737,0.22528,0.22737,0.2222
2023-04-25 04:00:00,0.22548,0.21948,0.2269,0.21744
2023-04-25 08:00:00,0.21999,0.21435,0.22,0.2112
2023-04-25 12:00:00,0.2128,0.178,0.2128,0.16966
2023-04-25 16:00:00,0.1764,0.19594,0.20533,0.17502
2023-04-25 20:00:00,0.19595,0.19687,0.20416,0.1809
2023-04-26 00:00:00,0.19651,0.1929,0.19895,0.18895
2023-04-26 04:00:00,0.19219,0.20122,0.20342,0.18965
2023-04-26 08:00:00,0.19895,0.20291,0.2035,0.19374
2023-04-26 12:00:00,0.2008,0.18555,0.20346,0.17319
2023-04-26 16:00:00,0.18661,0.19371,0.20197,0.18494
2023-04-26 20:00:00,0.19369,0.17913,0.19375,0.17099
2023-04-27 00:00:00,0.18005,0.1764,0.18855,0.1764
2023-04-27 04:00:00,0.17845,0.17153,0.17971,0.15339
2023-04-27 08:00:00,0.17202,0.1641,0.17247,0.15911
2023-04-27 12:00:00,0.16806,0.16695,0.16973,0.15469
2023-04-27 16:00:00,0.16695,0.16887,0.16898,0.16124
2023-04-27 20:00:00,0.16898,0.16564,0.16898,0.16275
2023-04-28 00:00:00,0.16584,0.168,0.17287,0.16584
2023-04-28 04:00:00,0.17025,0.16504,0.1715,0.16504
2023-04-28 08:00:00,0.16499,0.15985,0.16615,0.15751
2023-04-28 12:00:00,0.15751,0.154,0.16166,0.154
2023-04-28 16:00:00,0.15493,0.1569,0.16204,0.14738
2023-04-28 20:00:00,0.15705,0.15866,0.161,0.157
2023-04-29 00:00:00,0.1588,0.15858,0.16059,0.14995
2023-04-29 04:00:00,0.1581,0.16821,0.16821,0.15214
2023-04-29 08:00:00,0.16758,0.1558,0.16899,0.1558
2023-04-29 12:00:00,0.15713,0.15081,0.15772,0.14588
2023-04-29 16:00:00,0.14829,0.14403,0.15418,0.13562
2023-04-29 20:00:00,0.14391,0.14333,0.14954,0.14177
2023-04-30 00:00:00,0.14355,0.14943,0.14943,0.14355
2023-04-30 04:00:00,0.14836,0.15007,0.15788,0.14396
2023-04-30 08:00:00,0.15008,0.15161,0.15735,0.14523
2023-04-30 12:00:00,0.15316,0.14404,0.15822,0.14404
2023-04-30 16:00:00,0.14452,0.14161,0.14778,0.136
2023-04-30 20:00:00,0.14297,0.14131,0.14553,0.13912
2023-05-01 00:00:00,0.13913,0.13525,0.13944,0.12706
2023-05-01 04:00:00,0.13522,0.12671,0.1394,0.12121
2023-05-01 08:00:00,0.12525,0.12339,0.12535,0.1149
2023-05-01 12:00:00,0.12496,0.12803,0.13398,0.12151
2023-05-01 16:00:00,0.12639,0.125,0.12969,0.12401
2023-05-01 20:00:00,0.12339,0.11675,0.12339,0.11581
2023-05-02 00:00:00,0.11675,0.11964,0.12307,0.116
2023-05-02 04:00:00,0.119,0.1151,0.119,0.11302
2023-05-02 08:00:00,0.1151,0.11018,0.12096,0.1055
2023-05-02 12:00:00,0.10845,0.11408,0.11408,0.106
2023-05-02 16:00:00,0.11314,0.11346,0.11498,0.10619
2023-05-02 20:00:00,0.11177,0.11343,0.11647,0.10752
2023-05-03 00:00:00,0.11343,0.11261,0.1141,0.10898
2023-05-03 04:00:00,0.11425,0.10997,0.11905,0.10965
2023-05-03 08:00:00,0.10997,0.10735,0.10997,0.10632
2023-05-03 12:00:00,0.10735,0.10688,0.11252,0.10359
2023-05-03 16:00:00,0.10688,0.11432,0.11432,0.10631
2023-05-03 20:00:00,0.11449,0.11496,0.11699,0.105
2023-05-04 00:00:00,0.11328,0.12296,0.12765,0.11207
2023-05-04 04:00:00,0.12296,0.13332,0.1342,0.11602
2023-05-04 08:00:00,0.13144,0.16647,0.17656,0.13
2023-05-04 12:00:00,0.16682,0.13198,0.1762,0.12902
2023-05-04 16:00:00,0.13198,0.13621,0.14481,0.12922
2023-05-04 20:00:00,0.13487,0.13507,0.14498,0.13
2023-05-05 00:00:00,0.13506,0.14069,0.14193,0.131
2023-05-05 04:00:00,0.14077,0.13869,0.14308,0.13869
2023-05-05 08:00:00,0.13869,0.12837,0.13964,0.12401
2023-05-05 12:00:00,0.12849,0.12689,0.13286,0.125
2023-05-05 16:00:00,0.12606,0.12304,0.1265,0.12201
2023-05-05 20:00:00,0.12299,0.12592,0.12853,0.1224
2023-05-06 00:00:00,0.12595,0.12505,0.12928,0.12469
2023-05-06 04:00:00,0.12698,0.12233,0.12813,0.12233
2023-05-06 08:00:00,0.12233,0.11554,0.12558,0.11503
2023-05-06 12:00:00,0.1165,0.11901,0.11988,0.1155
2023-05-06 16:00:00,0.11973,0.11742,0.12352,0.1168
2023-05-06 20:00:00,0.11743,0.11699,0.11868,0.11551
2023-05-07 00:00:00,0.11698,0.11742,0.12004,0.11559
2023-05-07 04:00:00,0.11793,0.11675,0.11938,0.11581
2023-05-07 08:00:00,0.1164,0.12039,0.12039,0.1164
2023-05-07 12:00:00,0.11963,0.11994,0.12185,0.11582
2023-05-07 16:00:00,0.11884,0.12163,0.12172,0.1166
2023-05-07 20:00:00,0.12161,0.12025,0.1218,0.11887
2023-05-08 00:00:00,0.12,0.1177,0.12,0.116
2023-05-08 04:00:00,0.11714,0.11714,0.11878,0.1155
2023-05-08 08:00:00,0.1168,0.11836,0.11836,0.11627
2023-05-08 12:00:00,0.11788,0.1183,0.12187,0.11556
2023-05-08 16:00:00,0.11721,0.11354,0.11884,0.10474
2023-05-08 20:00:00,0.11177,0.11099,0.1125,0.10807
2023-05-09 00:00:00,0.11133,0.10951,0.11221,0.10843
2023-05-09 04:00:00,0.10844,0.10914,0.11088,0.10843
2023-05-09 08:00:00,0.10929,0.10857,0.10929,0.10422
2023-05-09 12:00:00,0.1067,0.10501,0.10824,0.10308
2023-05-09 16:00:00,0.10539,0.10823,0.10858,0.1043
2023-05-09 20:00:00,0.1067,0.10856,0.10856,0.106
2023-05-10 00:00:00,0.10856,0.10861,0.1107,0.10505
2023-05-10 04:00:00,0.10864,0.10676,0.10898,0.10433
2023-05-10 08:00:00,0.10668,0.10554,0.1077,0.10554
2023-05-10 12:00:00,0.10728,0.10799,0.1086,0.10264
2023-05-10 16:00:00,0.108,0.10509,0.11448,0.10204
2023-05-10 20:00:00,0.104,0.10252,0.10532,0.10251
2023-05-11 00:00:00,0.10272,0.10438,0.10439,0.10251
2023-05-11 04:00:00,0.10438,0.1,0.10571,0.1
2023-05-11 08:00:00,0.10354,0.10295,0.10354,0.09504
2023-05-11 12:00:00,0.10295,0.105,0.10826,0.09655
2023-05-11 16:00:00,0.10316,0.10341,0.1069,0.09874
2023-05-11 20:00:00,0.10604,0.1049,0.10604,0.10116
2023-05-12 00:00:00,0.10559,0.10103,0.10559,0.10103
2023-05-12 04:00:00,0.10114,0.10116,0.10328,0.1
2023-05-12 08:00:00,0.10117,0.10068,0.10117,0.09874
2023-05-12 12:00:00,0.09884,0.09875,0.0999,0.09874
2023-05-12 16:00:00,0.09875,0.1007,0.1007,0.09874
2023-05-12 20:00:00,0.10063,0.09823,0.10063,0.096
2023-05-13 00:00:00,0.09809,0.09649,0.09908,0.09604
2023-05-13 04:00:00,0.09603,0.09899,0.09918,0.096
2023-05-13 08:00:00,0.09877,0.09697,0.09877,0.09605
2023-05-13 12:00:00,0.09722,0.0977,0.09799,0.09606
2023-05-13 16:00:00,0.0977,0.09637,0.0977,0.09605
2023-05-13 20:00:00,0.09606,0.09879,0.09879,0.09606
2023-05-14 00:00:00,0.09879,0.0962,0.09879,0.09613
2023-05-14 04:00:00,0.09876,0.09621,0.09878,0.09613
2023-05-14 08:00:00,0.09625,0.09685,0.09986,0.09624
2023-05-14 12:00:00,0.09943,0.09857,0.10197,0.09703
2023-05-14 16:00:00,0.09912,0.10671,0.10738,0.09912
2023-05-14 20:00:00,0.10461,0.10712,0.10845,0.1033
2023-05-15 00:00:00,0.10712,0.1035,0.10712,0.10001
2023-05-15 04:00:00,0.10027,0.09922,0.10321,0.0992
2023-05-15 08:00:00,0.09923,0.10158,0.10397,0.09843
2023-05-15 12:00:00,0.10158,0.10393,0.10394,0.09951
2023-05-15 16:00:00,0.10048,0.10061,0.1029,0.09796
2023-05-15 20:00:00,0.10052,0.10096,0.10096,0.09762
2023-05-16 00:00:00,0.10096,0.10093,0.10393,0.10092
2023-05-16 04:00:00,0.10357,0.10573,0.10573,0.10092
2023-05-16 08:00:00,0.1023,0.102,0.10487,0.102
2023-05-16 12:00:00,0.10199,0.10089,0.10199,0.10089
2023-05-16 16:00:00,0.10089,0.10199,0.102,0.09802
2023-05-16 20:00:00,0.10199,0.10185,0.102,0.09804
2023-05-17 00:00:00,0.10199,0.09859,0.102,0.09803
2023-05-17 04:00:00,0.10199,0.09858,0.10199,0.09854
2023-05-17 08:00:00,0.09861,0.09852,0.10117,0.0985
2023-05-17 12:00:00,0.09852,0.11638,0.13273,0.09852
2023-05-17 16:00:00,0.11638,0.11115,0.1209,0.11111
2023-05-17 20:00:00,0.11117,0.11438,0.11447,0.11002
2023-05-18 00:00:00,0.11438,0.11023,0.11438,0.11002
2023-05-18 04:00:00,0.11312,0.10402,0.11312,0.10307
2023-05-18 08:00:00,0.10688,0.10724,0.10724,0.10401
2023-05-18 12:00:00,0.10724,0.105,0.10724,0.10418
2023-05-18 16:00:00,0.10719,0.10803,0.11,0.10447
2023-05-18 20:00:00,0.1084,0.1068,0.1084,0.104
2023-05-19 00:00:00,0.1071,0.10429,0.10732,0.104
2023-05-19 04:00:00,0.104,0.10107,0.104,0.10107
2023-05-19 08:00:00,0.10281,0.10107,0.1034,0.10059
2023-05-19 12:00:00,0.10059,0.11588,0.11588,0.10059
2023-05-19 16:00:00,0.11588,0.11511,0.12338,0.115
2023-05-19 20:00:00,0.11513,0.11904,0.12467,0.11505
2023-05-20 00:00:00,0.11904,0.118,0.1192,0.11541
2023-05-20 04:00:00,0.11841,0.11501,0.12095,0.11501
2023-05-20 08:00:00,0.11675,0.11552,0.1208,0.11501
2023-05-20 12:00:00,0.11539,0.11374,0.1226,0.11368
2023-05-20 16:00:00,0.11371,0.11282,0.11374,0.11095
2023-05-20 20:00:00,0.11095,0.10873,0.11136,0.10601
2023-05-21 00:00:00,0.10649,0.10781,0.11101,0.106
2023-05-21 04:00:00,0.10781,0.11055,0.11055,0.10609
2023-05-21 08:00:00,0.10845,0.10769,0.11175,0.10624
2023-05-21 12:00:00,0.10752,0.106,0.1094,0.106
2023-05-21 16:00:00,0.10849,0.11019,0.11902,0.10511
2023-05-21 20:00:00,0.11035,0.11165,0.11699,0.11035
2023-05-22 00:00:00,0.11168,0.11344,0.12,0.11142
2023-05-22 04:00:00,0.11549,0.10683,0.11598,0.106
2023-05-22 08:00:00,0.10685,0.105,0.10837,0.105
2023-05-22 12:00:00,0.10666,0.10352,0.10749,0.10352
2023-05-22 16:00:00,0.10355,0.10578,0.10946,0.10351
2023-05-22 20:00:00,0.1076,0.1058,0.10946,0.10577
2023-05-23 00:00:00,0.10572,0.10732,0.10741,0.10386
2023-05-23 04:00:00,0.10736,0.10824,0.10851,0.10444
2023-05-23 08:00:00,0.108,0.10822,0.10825,0.10572
2023-05-23 12:00:00,0.10822,0.1076,0.10823,0.1048
2023-05-23 16:00:00,0.10666,0.10811,0.10817,0.106
2023-05-23 20:00:00,0.10811,0.10666,0.10811,0.106
2023-05-24 00:00:00,0.10667,0.10494,0.10667,0.1048
2023-05-24 04:00:00,0.10478,0.10012,0.10494,0.10011
2023-05-24 08:00:00,0.10136,0.1008,0.10297,0.09853
2023-05-24 12:00:00,0.10092,0.10016,0.10161,0.09856
2023-05-24 16:00:00,0.10016,0.09914,0.10108,0.09827
2023-05-24 20:00:00,0.0991,0.10148,0.10194,0.09832
2023-05-25 00:00:00,0.10011,0.10147,0.10147,0.10011
2023-05-25 04:00:00,0.10147,0.10114,0.10194,0.10114
2023-05-25 08:00:00,0.10193,0.10052,0.10193,0.10052
2023-05-25 12:00:00,0.10053,0.1012,0.1012,0.09993
2023-05-25 16:00:00,0.10107,0.10161,0.1019,0.09994
2023-05-25 20:00:00,0.10161,0.10189,0.1019,0.1004
2023-05-26 00:00:00,0.10189,0.10177,0.1019,0.1004
2023-05-26 04:00:00,0.10054,0.10004,0.10073,0.09815
2023-05-26 08:00:00,0.09979,0.09999,0.10065,0.09811
2023-05-26 12:00:00,0.09999,0.09847,0.09999,0.097
2023-05-26 16:00:00,0.09859,0.09963,0.09963,0.09607
2023-05-26 20:00:00,0.09908,0.09984,0.09984,0.09601
2023-05-27 00:00:00,0.1,0.10115,0.10116,0.09989
2023-05-27 04:00:00,0.10115,0.09992,0.10192,0.09989
2023-05-27 08:00:00,0.09992,0.10093,0.10093,0.09914
2023-05-27 12:00:00,0.10092,0.10203,0.10203,0.0993
2023-05-27 16:00:00,0.10202,0.10302,0.10346,0.10094
2023-05-27 20:00:00,0.10146,0.10036,0.10273,0.10036
2023-05-28 00:00:00,0.10036,0.10251,0.10251,0.09936
2023-05-28 04:00:00,0.10251,0.10368,0.10368,0.10251
2023-05-28 08:00:00,0.10368,0.10523,0.11393,0.10368
2023-05-28 12:00:00,0.10524,0.10346,0.10524,0.10344
2023-05-28 16:00:00,0.10424,0.10577,0.10577,0.10251
2023-05-28 20:00:00,0.10578,0.1081,0.10981,0.10575
2023-05-29 00:00:00,0.10811,0.10805,0.10989,0.10805
2023-05-29 04:00:00,0.10823,0.10721,0.10866,0.10621
2023-05-29 08:00:00,0.1072,0.10611,0.10846,0.10374
2023-05-29 12:00:00,0.1056,0.10251,0.10629,0.10251
2023-05-29 16:00:00,0.10364,0.10188,0.10364,0.10167
2023-05-29 20:00:00,0.10188,0.10205,0.10205,0.10134
2023-05-30 00:00:00,0.10135,0.10202,0.10202,0.10135
2023-05-30 04:00:00,0.10202,0.10185,0.10203,0.10134
2023-05-30 08:00:00,0.10185,0.10136,0.10367,0.10134
2023-05-30 12:00:00,0.10136,0.1015,0.10367,0.10135
2023-05-30 16:00:00,0.10151,0.10165,0.10527,0.09968
2023-05-30 20:00:00,0.10119,0.10445,0.10695,0.09985
2023-05-31 00:00:00,0.10445,0.10341,0.10445,0.101
2023-05-31 04:00:00,0.10353,0.1027,0.10353,0.10194
2023-05-31 08:00:00,0.1027,0.09843,0.1027,0.09661
2023-05-31 12:00:00,0.09844,0.09833,0.09904,0.09753
2023-05-31 16:00:00,0.09837,0.09844,0.09908,0.09812
2023-05-31 20:00:00,0.09839,0.09849,0.09854,0.09754
2023-06-01 00:00:00,0.09849,0.09564,0.09892,0.09452
2023-06-01 04:00:00,0.09546,0.09611,0.09612,0.09447
2023-06-01 08:00:00,0.09611,0.09291,0.09612,0.09152
2023-06-01 12:00:00,0.09313,0.09099,0.09491,0.09098
2023-06-01 16:00:00,0.09112,0.09186,0.09236,0.09079
2023-06-01 20:00:00,0.09197,0.09187,0.09241,0.09126
2023-06-02 00:00:00,0.09182,0.09094,0.09219,0.09001
2023-06-02 04:00:00,0.09095,0.0909,0.09152,0.08971
2023-06-02 08:00:00,0.09104,0.0907,0.09185,0.08982
2023-06-02 12:00:00,0.09074,0.09034,0.09151,0.08975
2023-06-02 16:00:00,0.09047,0.09094,0.09136,0.09
2023-06-02 20:00:00,0.09056,0.0906,0.09125,0.09024
2023-06-03 00:00:00,0.09058,0.08984,0.09088,0.08956
2023-06-03 04:00:00,0.08989,0.09015,0.09018,0.08956
2023-06-03 08:00:00,0.09014,0.09264,0.0931,0.09012
2023-06-03 12:00:00,0.09282,0.09424,0.0949,0.09241
2023-06-03 16:00:00,0.09406,0.09313,0.09423,0.09244
2023-06-03 20:00:00,0.09293,0.0962,0.09628,0.09192
2023-06-04 00:00:00,0.0962,0.09915,0.1,0.09617
2023-06-04 04:00:00,0.09923,0.09909,0.1,0.09812
2023-06-04 08:00:00,0.09908,0.09237,0.09992,0.09167
2023-06-04 12:00:00,0.09279,0.09168,0.09489,0.09145
2023-06-04 16:00:00,0.09165,0.08689,0.0917,0.08471
2023-06-04 20:00:00,0.0868,0.08682,0.08773,0.08631
2023-06-05 00:00:00,0.08683,0.08415,0.08831,0.08377
2023-06-05 04:00:00,0.08415,0.08412,0.08429,0.08377
2023-06-05 08:00:00,0.08405,0.0846,0.0851,0.08337
2023-06-05 12:00:00,0.08434,0.07943,0.08468,0.07563
2023-06-05 16:00:00,0.07956,0.07265,0.07956,0.07036
2023-06-05 20:00:00,0.07276,0.07297,0.07422,0.07255
2023-06-06 00:00:00,0.07313,0.07347,0.07347,0.07287
2023-06-06 04:00:00,0.07319,0.07334,0.07372,0.07312
2023-06-06 08:00:00,0.07352,0.07359,0.07372,0.07338
2023-06-06 12:00:00,0.07355,0.07425,0.07478,0.07
2023-06-06 16:00:00,0.07421,0.07492,0.07527,0.07388
2023-06-06 20:00:00,0.075,0.07571,0.07573,0.07498
2023-06-07 00:00:00,0.07571,0.07558,0.07591,0.07503
2023-06-07 04:00:00,0.07558,0.07565,0.07593,0.07512
2023-06-07 08:00:00,0.07574,0.07443,0.07586,0.07443
2023-06-07 12:00:00,0.07443,0.07419,0.07614,0.07356
2023-06-07 16:00:00,0.07395,0.07457,0.07533,0.07301
2023-06-07 20:00:00,0.07461,0.07332,0.07509,0.07302
2023-06-08 00:00:00,0.07339,0.07327,0.07355,0.073
2023-06-08 04:00:00,0.07319,0.07375,0.07433,0.07305
2023-06-08 08:00:00,0.07367,0.07404,0.0742,0.07329
2023-06-08 12:00:00,0.07411,0.07415,0.0742,0.07391
2023-06-08 16:00:00,0.07414,0.07412,0.07435,0.0729
2023-06-08 20:00:00,0.07417,0.0732,0.07425,0.0729
2023-06-09 00:00:00,0.07307,0.07346,0.07365,0.07305
2023-06-09 04:00:00,0.07326,0.07287,0.07357,0.07271
2023-06-09 08:00:00,0.07295,0.07255,0.07323,0.07223
2023-06-09 12:00:00,0.07268,0.07333,0.07354,0.07245
2023-06-09 16:00:00,0.07326,0.0722,0.07331,0.0721
2023-06-09 20:00:00,0.07219,0.07173,0.07244,0.07166
2023-06-10 00:00:00,0.07181,0.07101,0.07207,0.07078
2023-06-10 04:00:00,0.07107,0.06415,0.07107,0.06396
2023-06-10 08:00:00,0.06415,0.06257,0.06435,0.06234
2023-06-10 12:00:00,0.06257,0.06265,0.06299,0.06208
2023-06-10 16:00:00,0.06269,0.06269,0.06329,0.0625
2023-06-10 20:00:00,0.06269,0.06283,0.0629,0.06266
2023-06-11 00:00:00,0.0628,0.06273,0.06286,0.06266
2023-06-11 04:00:00,0.06272,0.06282,0.06286,0.06265
2023-06-11 08:00:00,0.06281,0.0638,0.06398,0.06267
2023-06-11 12:00:00,0.06378,0.0644,0.06445,0.0637
2023-06-11 16:00:00,0.0643,0.06439,0.06447,0.06397
2023-06-11 20:00:00,0.0644,0.06474,0.06523,0.06423
2023-06-12 00:00:00,0.06472,0.0616,0.06483,0.06146
2023-06-12 04:00:00,0.06162,0.06245,0.06255,0.06156
2023-06-12 08:00:00,0.06251,0.06252,0.06256,0.06243
2023-06-12 12:00:00,0.06252,0.06162,0.06253,0.06162
2023-06-12 16:00:00,0.06168,0.06065,0.06179,0.0604
2023-06-12 20:00:00,0.06063,0.06115,0.06127,0.06057
2023-06-13 00:00:00,0.06118,0.06123,0.06135,0.06105
2023-06-13 04:00:00,0.06119,0.06093,0.06129,0.0609
2023-06-13 08:00:00,0.06095,0.06102,0.06119,0.0608
2023-06-13 12:00:00,0.06104,0.06095,0.06173,0.0608
2023-06-13 16:00:00,0.06092,0.06164,0.06225,0.06086
2023-06-13 20:00:00,0.06162,0.06178,0.06192,0.06159
2023-06-14 00:00:00,0.06178,0.06106,0.0618,0.06084
2023-06-14 04:00:00,0.06106,0.06105,0.06111,0.06101
2023-06-14 08:00:00,0.06107,0.06116,0.0612,0.061
2023-06-14 12:00:00,0.06116,0.06211,0.06225,0.06108
2023-06-14 16:00:00,0.06198,0.06325,0.06361,0.06188
2023-06-14 20:00:00,0.06319,0.0628,0.06354,0.06278
2023-06-15 00:00:00,0.06282,0.06282,0.06295,0.06267
2023-06-15 04:00:00,0.0628,0.06286,0.06309,0.06267
2023-06-15 08:00:00,0.06283,0.06301,0.064,0.06136
2023-06-15 12:00:00,0.0632,0.06226,0.06401,0.06224
2023-06-15 16:00:00,0.06225,0.06226,0.06248,0.06208
2023-06-15 20:00:00,0.06227,0.06293,0.06299,0.06196
2023-06-16 00:00:00,0.06292,0.06433,0.06457,0.06292
2023-06-16 04:00:00,0.06434,0.06124,0.06457,0.05968
2023-06-16 08:00:00,0.06128,0.0605,0.06132,0.06049
2023-06-16 12:00:00,0.06049,0.06023,0.06115,0.06016
2023-06-16 16:00:00,0.06036,0.06115,0.0619,0.06016
2023-06-16 20:00:00,0.06109,0.06119,0.06144,0.06001
2023-06-17 00:00:00,0.06115,0.05783,0.06125,0.05616
2023-06-17 04:00:00,0.05855,0.05905,0.06033,0.05778
2023-06-17 08:00:00,0.05893,0.05923,0.05945,0.05871
2023-06-17 12:00:00,0.05922,0.05958,0.06017,0.05919
2023-06-17 16:00:00,0.05974,0.05899,0.06057,0.05674
2023-06-17 20:00:00,0.05893,0.05794,0.0593,0.05699
2023-06-18 00:00:00,0.05785,0.05913,0.05932,0.05765
2023-06-18 04:00:00,0.05913,0.05711,0.05915,0.05675
2023-06-18 08:00:00,0.05711,0.05796,0.0581,0.05675
2023-06-18 12:00:00,0.05797,0.05726,0.05803,0.05675
2023-06-18 16:00:00,0.05721,0.05856,0.05856,0.05705
2023-06-18 20:00:00,0.0584,0.05826,0.0586,0.05737
2023-06-19 00:00:00,0.05829,0.05451,0.05872,0.05415
2023-06-19 04:00:00,0.05473,0.05499,0.05566,0.05417
2023-06-19 08:00:00,0.055,0.05551,0.05552,0.05462
2023-06-19 12:00:00,0.05551,0.0558,0.05771,0.05541
2023-06-19 16:00:00,0.0559,0.05739,0.05775,0.05586
2023-06-19 20:00:00,0.05747,0.05955,0.05956,0.05745
2023-06-20 00:00:00,0.05909,0.05896,0.05954,0.05871
2023-06-20 04:00:00,0.05891,0.05899,0.05934,0.05877
2023-06-20 08:00:00,0.059,0.05819,0.05912,0.05769
2023-06-20 12:00:00,0.05825,0.05778,0.06013,0.05738
2023-06-20 16:00:00,0.05773,0.06375,0.06585,0.05757
2023-06-20 20:00:00,0.06424,0.0651,0.06585,0.06424
2023-06-21 00:00:00,0.06509,0.06435,0.06523,0.06391
2023-06-21 04:00:00,0.06431,0.06358,0.06455,0.06342
2023-06-21 08:00:00,0.06355,0.0633,0.06357,0.06326
2023-06-21 12:00:00,0.0633,0.06329,0.06355,0.06303
2023-06-21 16:00:00,0.06327,0.06444,0.06511,0.06312
2023-06-21 20:00:00,0.06453,0.06761,0.06761,0.06435
2023-06-22 00:00:00,0.06762,0.06713,0.07034,0.06615
2023-06-22 04:00:00,0.06712,0.06833,0.06931,0.06553
2023-06-22 08:00:00,0.06833,0.06372,0.07034,0.06372
2023-06-22 12:00:00,0.06448,0.06503,0.06572,0.06313
2023-06-22 16:00:00,0.06528,0.06515,0.06694,0.064
2023-06-22 20:00:00,0.06517,0.06482,0.06692,0.06448
2023-06-23 00:00:00,0.06479,0.06551,0.0668,0.06391
2023-06-23 04:00:00,0.06538,0.06435,0.0664,0.06386
2023-06-23 08:00:00,0.06427,0.0643,0.06482,0.06265
2023-06-23 12:00:00,0.06425,0.06757,0.06914,0.0635
2023-06-23 16:00:00,0.06749,0.06774,0.07011,0.06573
2023-06-23 20:00:00,0.06778,0.06502,0.06783,0.06471
2023-06-24 00:00:00,0.0652,0.06543,0.06622,0.06429
2023-06-24 04:00:00,0.06542,0.0656,0.06614,0.06538
2023-06-24 08:00:00,0.06585,0.06458,0.06679,0.06369
2023-06-24 12:00:00,0.06477,0.06373,0.066,0.06209
2023-06-24 16:00:00,0.06379,0.06215,0.06486,0.06209
2023-06-24 20:00:00,0.0622,0.06246,0.06485,0.06214
2023-06-25 00:00:00,0.06246,0.0623,0.06415,0.0623
2023-06-25 04:00:00,0.0623,0.06305,0.06517,0.06227
2023-06-25 08:00:00,0.06278,0.06257,0.06305,0.06257
2023-06-25 12:00:00,0.06263,0.06272,0.06276,0.06209
2023-06-25 16:00:00,0.06272,0.06073,0.06272,0.06072
2023-06-25 20:00:00,0.06075,0.06249,0.06272,0.06071
2023-06-26 00:00:00,0.06129,0.06275,0.0647,0.06074
2023-06-26 04:00:00,0.06277,0.06274,0.06384,0.06274
2023-06-26 08:00:00,0.06372,0.06895,0.0716,0.06372
2023-06-26 12:00:00,0.06885,0.06631,0.06895,0.06629
2023-06-26 16:00:00,0.06632,0.06724,0.06773,0.06553
2023-06-26 20:00:00,0.06722,0.06392,0.06792,0.0632
2023-06-27 00:00:00,0.06374,0.0633,0.06508,0.06275
2023-06-27 04:00:00,0.06329,0.06128,0.06339,0.06046
2023-06-27 08:00:00,0.06079,0.06161,0.06209,0.06076
2023-06-27 12:00:00,0.06147,0.06144,0.06337,0.06137
2023-06-27 16:00:00,0.06144,0.06306,0.06339,0.06136
2023-06-27 20:00:00,0.06306,0.06216,0.06492,0.06153
2023-06-28 00:00:00,0.06218,0.06259,0.06492,0.06218
2023-06-28 04:00:00,0.06259,0.06229,0.06319,0.06138
2023-06-28 08:00:00,0.06229,0.05961,0.06297,0.056
2023-06-28 12:00:00,0.0596,0.05785,0.0596,0.05753
2023-06-28 16:00:00,0.0585,0.05926,0.06051,0.05769
2023-06-28 20:00:00,0.05932,0.05851,0.05932,0.05752
2023-06-29 00:00:00,0.05847,0.05884,0.05901,0.05844
2023-06-29 04:00:00,0.05885,0.05809,0.05899,0.05752
2023-06-29 08:00:00,0.05809,0.05716,0.05862,0.05419
2023-06-29 12:00:00,0.05716,0.05939,0.06064,0.05604
2023-06-29 16:00:00,0.05939,0.05892,0.0595,0.05725
2023-06-29 20:00:00,0.05941,0.05881,0.05941,0.05881
2023-06-30 00:00:00,0.05924,0.05696,0.05925,0.056
2023-06-30 04:00:00,0.05601,0.05631,0.05827,0.056
2023-06-30 08:00:00,0.05631,0.0562,0.05762,0.0558
2023-06-30 12:00:00,0.05616,0.05863,0.05988,0.05525
2023-06-30 16:00:00,0.0586,0.05678,0.0586,0.055
2023-06-30 20:00:00,0.05665,0.05826,0.05946,0.05559
2023-07-01 00:00:00,0.05738,0.05739,0.05739,0.05738
2023-07-01 04:00:00,0.05712,0.05843,0.05954,0.05596
2023-07-01 08:00:00,0.05842,0.05483,0.0588,0.05402
2023-07-01 12:00:00,0.05483,0.05474,0.05987,0.054
2023-07-01 16:00:00,0.05464,0.05849,0.05986,0.05422
2023-07-01 20:00:00,0.05804,0.05904,0.05922,0.058
2023-07-02 00:00:00,0.05842,0.05609,0.05912,0.05447
2023-07-02 04:00:00,0.05609,0.05451,0.05661,0.05408
2023-07-02 08:00:00,0.05451,0.05586,0.058,0.05402
2023-07-02 12:00:00,0.05578,0.05537,0.05885,0.0543
2023-07-02 16:00:00,0.05538,0.05215,0.05754,0.05041
2023-07-02 20:00:00,0.05216,0.05528,0.05695,0.05123
2023-07-03 00:00:00,0.05528,0.05214,0.05535,0.05114
2023-07-03 04:00:00,0.05214,0.05249,0.05352,0.05101
2023-07-03 08:00:00,0.05249,0.05309,0.05442,0.05132
2023-07-03 12:00:00,0.05306,0.05626,0.0601,0.05201
2023-07-03 16:00:00,0.05566,0.05573,0.05738,0.05202
2023-07-03 20:00:00,0.05467,0.05487,0.05502,0.05401
2023-07-04 00:00:00,0.054,0.05295,0.05437,0.05257
2023-07-04 04:00:00,0.05273,0.05291,0.05292,0.05177
2023-07-04 08:00:00,0.0529,0.05294,0.05457,0.05219
2023-07-04 12:00:00,0.05294,0.0541,0.05506,0.05203
2023-07-04 16:00:00,0.053,0.05226,0.05548,0.05224
2023-07-04 20:00:00,0.05273,0.05083,0.05273,0.04799
2023-07-05 00:00:00,0.05083,0.05101,0.05105,0.04918
2023-07-05 04:00:00,0.051,0.05251,0.05317,0.05051
2023-07-05 08:00:00,0.05069,0.04992,0.05214,0.04756
2023-07-05 12:00:00,0.04985,0.04919,0.05277,0.04853
2023-07-05 16:00:00,0.0492,0.0512,0.05273,0.04867
2023-07-05 20:00:00,0.05117,0.05072,0.05274,0.04912
2023-07-06 00:00:00,0.05071,0.05004,0.05189,0.049
2023-07-06 04:00:00,0.05004,0.05273,0.05275,0.04855
2023-07-06 08:00:00,0.05272,0.05102,0.05272,0.04943
2023-07-06 12:00:00,0.05102,0.05156,0.0517,0.051
2023-07-06 16:00:00,0.05174,0.05146,0.05273,0.05104
2023-07-06 20:00:00,0.05146,0.05148,0.0525,0.05028
2023-07-07 00:00:00,0.05148,0.05122,0.0525,0.0503
2023-07-07 04:00:00,0.05122,0.05116,0.05227,0.05075
2023-07-07 08:00:00,0.05116,0.05111,0.05166,0.05002
2023-07-07 12:00:00,0.05081,0.05061,0.05153,0.05
2023-07-07 16:00:00,0.05061,0.05085,0.05143,0.04909
2023-07-07 20:00:00,0.05085,0.05083,0.05147,0.05012
2023-07-08 00:00:00,0.05083,0.05095,0.05128,0.05083
2023-07-08 04:00:00,0.05095,0.05056,0.05166,0.05012
2023-07-08 08:00:00,0.05056,0.05097,0.05163,0.05054
2023-07-08 12:00:00,0.05097,0.0515,0.05166,0.05086
2023-07-08 16:00:00,0.0515,0.0515,0.05166,0.0515
2023-07-08 20:00:00,0.0515,0.05161,0.05166,0.0515
2023-07-09 00:00:00,0.05151,0.05042,0.05214,0.05001
2023-07-09 04:00:00,0.05042,0.05026,0.05074,0.05009
2023-07-09 08:00:00,0.05026,0.05028,0.05043,0.05012
2023-07-09 12:00:00,0.05028,0.05008,0.05178,0.05
2023-07-09 16:00:00,0.05008,0.05014,0.05038,0.04963
2023-07-09 20:00:00,0.05014,0.05001,0.05038,0.04964
2023-07-10 00:00:00,0.05001,0.05003,0.0501,0.04932
2023-07-10 04:00:00,0.05003,0.05003,0.0501,0.05
2023-07-10 08:00:00,0.05003,0.04879,0.05006,0.04758
2023-07-10 12:00:00,0.04873,0.04883,0.04996,0.047
2023-07-10 16:00:00,0.04934,0.04845,0.04978,0.04743
2023-07-10 20:00:00,0.04846,0.04859,0.04908,0.04795
2023-07-11 00:00:00,0.04859,0.04831,0.04936,0.04772
2023-07-11 04:00:00,0.04831,0.0482,0.04926,0.04797
2023-07-11 08:00:00,0.0482,0.04801,0.04834,0.04797
2023-07-11 12:00:00,0.04801,0.04825,0.0484,0.04801
2023-07-11 16:00:00,0.04808,0.0485,0.04853,0.04653
2023-07-11 20:00:00,0.0485,0.04842,0.04929,0.04712
2023-07-12 00:00:00,0.04842,0.04834,0.04868,0.04833
2023-07-12 04:00:00,0.04834,0.04835,0.04863,0.04833
2023-07-12 08:00:00,0.04855,0.04849,0.04888,0.04833
2023-07-12 12:00:00,0.04858,0.04709,0.04858,0.04652
2023-07-12 16:00:00,0.04709,0.0476,0.0479,0.04641
2023-07-12 20:00:00,0.0476,0.05063,0.05316,0.04745
2023-07-13 00:00:00,0.05066,0.04947,0.05435,0.04881
2023-07-13 04:00:00,0.04948,0.04928,0.05016,0.04902
2023-07-13 08:00:00,0.04928,0.04839,0.04961,0.04785
2023-07-13 12:00:00,0.04819,0.0502,0.05077,0.04815
2023-07-13 16:00:00,0.0502,0.05116,0.05305,0.04874
2023-07-13 20:00:00,0.05114,0.05131,0.05209,0.05007
2023-07-14 00:00:00,0.05131,0.05203,0.05207,0.05081
2023-07-14 04:00:00,0.05204,0.05205,0.0521,0.05131
2023-07-14 08:00:00,0.05209,0.0538,0.055,0.05102
2023-07-14 12:00:00,0.0538,0.05283,0.05416,0.05215
2023-07-14 16:00:00,0.05283,0.0485,0.05462,0.04849
2023-07-14 20:00:00,0.04824,0.0485,0.0485,0.048
2023-07-15 00:00:00,0.04868,0.05229,0.05395,0.04742
2023-07-15 04:00:00,0.05229,0.05102,0.05348,0.04982
2023-07-15 08:00:00,0.05102,0.05207,0.05327,0.05079
2023-07-15 12:00:00,0.05207,0.05264,0.05299,0.05106
2023-07-15 16:00:00,0.05264,0.04998,0.05265,0.04808
2023-07-15 20:00:00,0.04998,0.04897,0.05045,0.04893
2023-07-16 00:00:00,0.04898,0.04783,0.04898,0.04734
2023-07-16 04:00:00,0.04822,0.04847,0.04886,0.04822
2023-07-16 08:00:00,0.04867,0.0485,0.04877,0.04734
2023-07-16 12:00:00,0.0485,0.04916,0.04916,0.04752
2023-07-16 16:00:00,0.04916,0.04905,0.04918,0.04845
2023-07-16 20:00:00,0.04905,0.04832,0.04918,0.04759
2023-07-17 00:00:00,0.04808,0.04763,0.04836,0.04757
2023-07-17 04:00:00,0.04763,0.05001,0.05086,0.04755
2023-07-17 08:00:00,0.05021,0.05117,0.05745,0.04992
2023-07-17 12:00:00,0.05107,0.05097,0.05252,0.05023
2023-07-17 16:00:00,0.05097,0.04963,0.05178,0.0495
2023-07-17 20:00:00,0.04963,0.05,0.05122,0.04947
2023-07-18 00:00:00,0.05,0.05028,0.05116,0.04969
2023-07-18 04:00:00,0.05028,0.05116,0.05123,0.04987
2023-07-18 08:00:00,0.0512,0.04942,0.05125,0.0487
2023-07-18 12:00:00,0.0494,0.04811,0.04943,0.04786
2023-07-18 16:00:00,0.04811,0.04971,0.04995,0.04797
2023-07-18 20:00:00,0.04939,0.05017,0.05125,0.04847
2023-07-19 00:00:00,0.05061,0.05177,0.05246,0.04875
2023-07-19 04:00:00,0.05177,0.05261,0.05274,0.05084
2023-07-19 08:00:00,0.0522,0.05093,0.0523,0.05073
2023-07-19 12:00:00,0.05089,0.05009,0.05149,0.04828
2023-07-19 16:00:00,0.05003,0.04989,0.05088,0.04979
2023-07-19 20:00:00,0.04989,0.05038,0.05263,0.04983
2023-07-20 00:00:00,0.05034,0.05014,0.0512,0.04976
2023-07-20 04:00:00,0.05014,0.05179,0.05198,0.04975
2023-07-20 08:00:00,0.05183,0.05316,0.05466,0.05155
2023-07-20 12:00:00,0.0534,0.05344,0.05457,0.05129
2023-07-20 16:00:00,0.05342,0.05138,0.05424,0.05021
2023-07-20 20:00:00,0.05139,0.05384,0.05451,0.05135
2023-07-21 00:00:00,0.05384,0.05209,0.05388,0.05185
2023-07-21 04:00:00,0.05209,0.0525,0.05274,0.05125
2023-07-21 08:00:00,0.0525,0.05359,0.05443,0.05233
2023-07-21 12:00:00,0.05359,0.0521,0.05383,0.05205
2023-07-21 16:00:00,0.0521,0.05321,0.05378,0.05138
2023-07-21 20:00:00,0.05321,0.05359,0.0544,0.05209
2023-07-22 00:00:00,0.05359,0.05293,0.05359,0.05269
2023-07-22 04:00:00,0.05293,0.05233,0.05431,0.05209
2023-07-22 08:00:00,0.05231,0.05393,0.05444,0.05197
2023-07-22 12:00:00,0.05393,0.05258,0.05433,0.0524
2023-07-22 16:00:00,0.05258,0.05444,0.05468,0.05163
2023-07-22 20:00:00,0.05443,0.0535,0.05471,0.05268
2023-07-23 00:00:00,0.0535,0.05471,0.05471,0.0526
2023-07-23 04:00:00,0.05471,0.05404,0.05541,0.05268
2023-07-23 08:00:00,0.05404,0.05531,0.05542,0.05314
2023-07-23 12:00:00,0.05531,0.05474,0.05531,0.05383
2023-07-23 16:00:00,0.05484,0.05501,0.05544,0.05475
2023-07-23 20:00:00,0.05501,0.05583,0.05648,0.05475
2023-07-24 00:00:00,0.05583,0.05579,0.0564,0.05572
2023-07-24 04:00:00,0.05579,0.05673,0.0579,0.05565
2023-07-24 08:00:00,0.05673,0.0521,0.05696,0.05113
2023-07-24 12:00:00,0.0521,0.05113,0.05251,0.05
2023-07-24 16:00:00,0.05113,0.05024,0.05208,0.05005
2023-07-24 20:00:00,0.05024,0.05792,0.069,0.05023
2023-07-25 00:00:00,0.05748,0.05546,0.05827,0.05476
2023-07-25 04:00:00,0.05484,0.05606,0.05607,0.05401
2023-07-25 08:00:00,0.0555,0.06232,0.0763,0.05422
2023-07-25 12:00:00,0.06232,0.07059,0.084,0.06054
2023-07-25 16:00:00,0.07059,0.06452,0.07089,0.06111
2023-07-25 20:00:00,0.06502,0.06162,0.06522,0.0611
2023-07-26 00:00:00,0.06158,0.06199,0.06434,0.06012
2023-07-26 04:00:00,0.06144,0.06149,0.06279,0.05905
2023-07-26 08:00:00,0.06149,0.06067,0.06217,0.0575
2023-07-26 12:00:00,0.06067,0.06263,0.06456,0.05904
2023-07-26 16:00:00,0.06263,0.06185,0.06585,0.06008
2023-07-26 20:00:00,0.06186,0.06192,0.0649,0.06105
2023-07-27 00:00:00,0.06252,0.06332,0.06332,0.06195
2023-07-27 04:00:00,0.06333,0.06324,0.06494,0.06152
2023-07-27 08:00:00,0.06276,0.0654,0.06829,0.06194
2023-07-27 12:00:00,0.0654,0.06736,0.0701,0.0632
2023-07-27 16:00:00,0.06735,0.0705,0.07844,0.0672
2023-07-27 20:00:00,0.0705,0.0728,0.07373,0.06843
2023-07-28 00:00:00,0.073,0.07085,0.07344,0.07013
2023-07-28 04:00:00,0.07085,0.07195,0.07752,0.07077
2023-07-28 08:00:00,0.07171,0.0732,0.07406,0.06877
2023-07-28 12:00:00,0.0732,0.07629,0.08,0.0709
2023-07-28 16:00:00,0.07664,0.07467,0.07726,0.07325
2023-07-28 20:00:00,0.07474,0.07828,0.0795,0.07474
2023-07-29 00:00:00,0.0781,0.0792,0.08817,0.07801
2023-07-29 04:00:00,0.07814,0.07459,0.07814,0.07027
2023-07-29 08:00:00,0.0746,0.07831,0.08004,0.07231
2023-07-29 12:00:00,0.07806,0.08168,0.08168,0.0768
2023-07-29 16:00:00,0.08176,0.07388,0.08244,0.072
2023-07-29 20:00:00,0.07344,0.07351,0.07417,0.0725
2023-07-30 00:00:00,0.07351,0.06998,0.07381,0.06828
2023-07-30 04:00:00,0.07072,0.06919,0.07072,0.06808
2023-07-30 08:00:00,0.06848,0.06754,0.06914,0.06686
2023-07-30 12:00:00,0.06754,0.06852,0.069,0.06533
2023-07-30 16:00:00,0.06804,0.06581,0.06804,0.06362
2023-07-30 20:00:00,0.06584,0.06699,0.06699,0.06301
2023-07-31 00:00:00,0.06699,0.066,0.06737,0.06527
2023-07-31 04:00:00,0.06665,0.06533,0.06715,0.06527
2023-07-31 08:00:00,0.06533,0.06527,0.06558,0.06527
2023-07-31 12:00:00,0.06528,0.061,0.06555,0.061
2023-07-31 16:00:00,0.06144,0.06154,0.06317,0.0607
2023-07-31 20:00:00,0.06154,0.06017,0.06173,0.05811
2023-08-01 00:00:00,0.05972,0.05924,0.06663,0.05847
2023-08-01 04:00:00,0.06005,0.06084,0.06204,0.05942
2023-08-01 08:00:00,0.06064,0.05875,0.06349,0.05663
2023-08-01 12:00:00,0.05878,0.05762,0.05941,0.05645
2023-08-01 16:00:00,0.05762,0.0606,0.06463,0.0567
2023-08-01 20:00:00,0.0606,0.05834,0.06275,0.05681
2023-08-02 00:00:00,0.05834,0.05812,0.05849,0.05644
2023-08-02 04:00:00,0.05812,0.05704,0.05853,0.0553
2023-08-02 08:00:00,0.05704,0.05359,0.0582,0.05359
2023-08-02 12:00:00,0.0544,0.05473,0.05585,0.05301
2023-08-02 16:00:00,0.05473,0.0534,0.05581,0.05216
2023-08-02 20:00:00,0.0534,0.05419,0.05443,0.05313
2023-08-03 00:00:00,0.05419,0.0535,0.0546,0.05267
2023-08-03 04:00:00,0.05377,0.05303,0.05461,0.0525
2023-08-03 08:00:00,0.05264,0.05477,0.05477,0.0505
2023-08-03 12:00:00,0.05396,0.05351,0.05483,0.05229
2023-08-03 16:00:00,0.05351,0.05245,0.05456,0.05
2023-08-03 20:00:00,0.05176,0.053,0.053,0.05045
2023-08-04 00:00:00,0.0524,0.05379,0.05384,0.0524
2023-08-04 04:00:00,0.05379,0.0533,0.05391,0.05301
2023-08-04 08:00:00,0.05315,0.05343,0.05463,0.05221
2023-08-04 12:00:00,0.05343,0.05366,0.05462,0.05343
2023-08-04 16:00:00,0.05366,0.05248,0.05472,0.05195
2023-08-04 20:00:00,0.05201,0.05111,0.05201,0.05046
2023-08-05 00:00:00,0.05126,0.05178,0.05219,0.05004
2023-08-05 04:00:00,0.05212,0.05232,0.05299,0.052
2023-08-05 08:00:00,0.05232,0.05232,0.05264,0.05196
2023-08-05 12:00:00,0.05232,0.05088,0.05246,0.04974
2023-08-05 16:00:00,0.05088,0.05313,0.05811,0.04939
2023-08-05 20:00:00,0.05313,0.05453,0.05567,0.05217
2023-08-06 00:00:00,0.05453,0.05311,0.05454,0.05248
2023-08-06 04:00:00,0.05311,0.05282,0.0534,0.05207
2023-08-06 08:00:00,0.05282,0.05375,0.05458,0.0528
2023-08-06 12:00:00,0.05375,0.05435,0.05539,0.05269
2023-08-06 16:00:00,0.05435,0.05521,0.05608,0.05403
2023-08-06 20:00:00,0.05521,0.0566,0.05698,0.05499
2023-08-07 00:00:00,0.05618,0.05543,0.05618,0.05399
2023-08-07 04:00:00,0.05534,0.0574,0.0574,0.05519
2023-08-07 08:00:00,0.0574,0.05552,0.0581,0.05551
2023-08-07 12:00:00,0.05552,0.05411,0.05651,0.05321
2023-08-07 16:00:00,0.05411,0.05234,0.05496,0.05112
2023-08-07 20:00:00,0.05234,0.05283,0.05303,0.05213
2023-08-08 00:00:00,0.05283,0.05312,0.05384,0.05274
2023-08-08 04:00:00,0.05312,0.05254,0.05364,0.05199
2023-08-08 08:00:00,0.05254,0.05348,0.054,0.05204
2023-08-08 12:00:00,0.05348,0.05535,0.05594,0.0533
2023-08-08 16:00:00,0.05535,0.05232,0.05545,0.05204
2023-08-08 20:00:00,0.05232,0.0528,0.05303,0.05207
2023-08-09 00:00:00,0.0528,0.05197,0.05303,0.05197
2023-08-09 04:00:00,0.05197,0.0513,0.05197,0.0511
2023-08-09 08:00:00,0.0513,0.05502,0.0555,0.05104
2023-08-09 12:00:00,0.05478,0.05636,0.05811,0.05338
2023-08-09 16:00:00,0.0564,0.06142,0.0779,0.05477
2023-08-09 20:00:00,0.06163,0.06391,0.06598,0.0604
2023-08-10 00:00:00,0.06453,0.07064,0.0779,0.0631
2023-08-10 04:00:00,0.07057,0.06739,0.07949,0.06739
2023-08-10 08:00:00,0.06785,0.06048,0.07256,0.05713
2023-08-10 12:00:00,0.06048,0.05555,0.06075,0.0538
2023-08-10 16:00:00,0.05568,0.057,0.06,0.05383
2023-08-10 20:00:00,0.057,0.05783,0.05999,0.055
2023-08-11 00:00:00,0.05778,0.05589,0.05778,0.05453
2023-08-11 04:00:00,0.05589,0.05407,0.05592,0.0537
2023-08-11 08:00:00,0.05393,0.05407,0.05555,0.053
2023-08-11 12:00:00,0.05407,0.05341,0.05501,0.053
2023-08-11 16:00:00,0.05341,0.05414,0.05423,0.05293
2023-08-11 20:00:00,0.05414,0.05313,0.05427,0.05293
2023-08-12 00:00:00,0.05313,0.05367,0.05386,0.05228
2023-08-12 04:00:00,0.05372,0.05389,0.05389,0.05358
2023-08-12 08:00:00,0.05389,0.05428,0.05471,0.05366
2023-08-12 12:00:00,0.05428,0.05476,0.05549,0.05428
2023-08-12 16:00:00,0.05476,0.05598,0.05599,0.0525
2023-08-12 20:00:00,0.05598,0.05456,0.05598,0.05383
2023-08-13 00:00:00,0.05456,0.05519,0.056,0.05456
2023-08-13 04:00:00,0.0559,0.05501,0.05599,0.05473
2023-08-13 08:00:00,0.05501,0.05412,0.05544,0.05165
2023-08-13 12:00:00,0.05412,0.056,0.056,0.05405
2023-08-13 16:00:00,0.05599,0.05507,0.056,0.0545
2023-08-13 20:00:00,0.05507,0.05571,0.056,0.05453
2023-08-14 00:00:00,0.05571,0.05523,0.05586,0.055
2023-08-14 04:00:00,0.05523,0.05432,0.05595,0.05432
2023-08-14 08:00:00,0.05461,0.05461,0.05499,0.05436
2023-08-14 12:00:00,0.05461,0.05266,0.05466,0.05262
2023-08-14 16:00:00,0.05266,0.05286,0.05325,0.05261
2023-08-14 20:00:00,0.05286,0.05333,0.05337,0.0528
2023-08-15 00:00:00,0.05333,0.05455,0.05539,0.05326
2023-08-15 04:00:00,0.05455,0.05449,0.05497,0.0538
2023-08-15 08:00:00,0.05449,0.05317,0.05541,0.05286
2023-08-15 12:00:00,0.05322,0.05285,0.05393,0.05262
2023-08-15 16:00:00,0.05285,0.05106,0.05329,0.05077
2023-08-15 20:00:00,0.05077,0.05165,0.05178,0.05077
2023-08-16 00:00:00,0.05165,0.05127,0.05224,0.05127
2023-08-16 04:00:00,0.05177,0.05132,0.05209,0.05129
2023-08-16 08:00:00,0.05132,0.05208,0.05235,0.05128
2023-08-16 12:00:00,0.05208,0.0511,0.05208,0.05
2023-08-16 16:00:00,0.0511,0.05024,0.05225,0.05
2023-08-16 20:00:00,0.05024,0.05105,0.05153,0.05
2023-08-17 00:00:00,0.05105,0.05137,0.05153,0.05068
2023-08-17 04:00:00,0.05137,0.05108,0.05152,0.05094
2023-08-17 08:00:00,0.05108,0.05138,0.05142,0.05053
2023-08-17 12:00:00,0.05138,0.05154,0.0545,0.05138
2023-08-17 16:00:00,0.05154,0.0513,0.05204,0.05
2023-08-17 20:00:00,0.0513,0.05013,0.05314,0.0485
2023-08-18 00:00:00,0.05013,0.05505,0.05555,0.05002
2023-08-18 04:00:00,0.05505,0.05488,0.056,0.05369
2023-08-18 08:00:00,0.05488,0.05575,0.0561,0.05465
2023-08-18 12:00:00,0.05575,0.05583,0.05721,0.05379
2023-08-18 16:00:00,0.05583,0.05502,0.05583,0.05452
2023-08-18 20:00:00,0.05502,0.05434,0.05502,0.05384
2023-08-19 00:00:00,0.05434,0.05455,0.05545,0.0542
2023-08-19 04:00:00,0.05455,0.05429,0.05495,0.05416
2023-08-19 08:00:00,0.05429,0.05435,0.05454,0.05395
2023-08-19 12:00:00,0.05435,0.05552,0.05568,0.05405
2023-08-19 16:00:00,0.05552,0.05841,0.05912,0.05491
2023-08-19 20:00:00,0.05841,0.05853,0.05912,0.05731
2023-08-20 00:00:00,0.05853,0.0588,0.05912,0.05826
2023-08-20 04:00:00,0.0588,0.06176,0.06251,0.05783
2023-08-20 08:00:00,0.06104,0.06439,0.06534,0.06093
2023-08-20 12:00:00,0.06434,0.06434,0.06499,0.05871
2023-08-20 16:00:00,0.06376,0.0644,0.06799,0.06079
2023-08-20 20:00:00,0.06376,0.06043,0.06437,0.05982
2023-08-21 00:00:00,0.05968,0.05823,0.06056,0.05823
2023-08-21 04:00:00,0.0587,0.05686,0.06276,0.05616
2023-08-21 08:00:00,0.0568,0.05738,0.05892,0.05497
2023-08-21 12:00:00,0.05738,0.05561,0.05908,0.05518
2023-08-21 16:00:00,0.05561,0.05816,0.05938,0.0547
2023-08-21 20:00:00,0.05816,0.05791,0.06159,0.05644
2023-08-22 00:00:00,0.05734,0.05699,0.0587,0.0556
2023-08-22 04:00:00,0.05699,0.05731,0.05871,0.05617
2023-08-22 08:00:00,0.05731,0.05802,0.05852,0.05722
2023-08-22 12:00:00,0.05802,0.0575,0.05933,0.05708
2023-08-22 16:00:00,0.0575,0.05711,0.05777,0.05638
2023-08-22 20:00:00,0.0569,0.05884,0.05908,0.0566
2023-08-23 00:00:00,0.05884,0.05785,0.05905,0.05781
2023-08-23 04:00:00,0.05778,0.06037,0.06159,0.0577
2023-08-23 08:00:00,0.06019,0.05941,0.0626,0.05918
2023-08-23 12:00:00,0.05941,0.06151,0.06257,0.05939
2023-08-23 16:00:00,0.0615,0.0626,0.06448,0.06088
2023-08-23 20:00:00,0.0626,0.06218,0.06376,0.06218
2023-08-24 00:00:00,0.06222,0.05944,0.06288,0.05802
2023-08-24 04:00:00,0.0587,0.05664,0.05944,0.05452
2023-08-24 08:00:00,0.05664,0.05682,0.05695,0.05641
2023-08-24 12:00:00,0.05682,0.05619,0.05695,0.05593
2023-08-24 16:00:00,0.05619,0.05625,0.05652,0.05574
2023-08-24 20:00:00,0.05625,0.05682,0.05737,0.05625
2023-08-25 00:00:00,0.05682,0.05372,0.05733,0.05372
2023-08-25 04:00:00,0.05372,0.05864,0.05913,0.05334
2023-08-25 08:00:00,0.05865,0.05838,0.06126,0.05733
2023-08-25 12:00:00,0.05838,0.05707,0.05867,0.05455
2023-08-25 16:00:00,0.05707,0.05691,0.05714,0.05658
2023-08-25 20:00:00,0.05691,0.05587,0.0571,0.05568
2023-08-26 00:00:00,0.05557,0.05589,0.05589,0.05554
2023-08-26 04:00:00,0.05606,0.0555,0.05613,0.05547
2023-08-26 08:00:00,0.05598,0.05556,0.05598,0.05534
2023-08-26 12:00:00,0.05586,0.0569,0.05696,0.05538
2023-08-26 16:00:00,0.0569,0.05733,0.05779,0.05682
2023-08-26 20:00:00,0.05733,0.05772,0.05803,0.05725
2023-08-27 00:00:00,0.05772,0.05742,0.05805,0.05738
2023-08-27 04:00:00,0.05742,0.05781,0.05788,0.05739
2023-08-27 08:00:00,0.05781,0.05881,0.06037,0.05776
2023-08-27 12:00:00,0.05881,0.05688,0.05898,0.05663
2023-08-27 16:00:00,0.05688,0.0581,0.0586,0.05654
2023-08-27 20:00:00,0.0579,0.05636,0.0579,0.05543
2023-08-28 00:00:00,0.05615,0.0564,0.0564,0.05613
2023-08-28 04:00:00,0.05646,0.05677,0.05736,0.05573
2023-08-28 08:00:00,0.05677,0.05747,0.05759,0.05662
2023-08-28 12:00:00,0.05747,0.05698,0.05759,0.05671
2023-08-28 16:00:00,0.05698,0.05718,0.0572,0.05667
2023-08-28 20:00:00,0.05718,0.05581,0.05721,0.05573
2023-08-29 00:00:00,0.05581,0.05704,0.05816,0.05441
2023-08-29 04:00:00,0.0573,0.05643,0.0573,0.0562
2023-08-29 08:00:00,0.05643,0.05783,0.05806,0.05613
2023-08-29 12:00:00,0.05783,0.06046,0.06165,0.05741
2023-08-29 16:00:00,0.06046,0.06178,0.06196,0.0597
2023-08-29 20:00:00,0.06178,0.06038,0.0708,0.05996
2023-08-30 00:00:00,0.06038,0.06372,0.06531,0.06008
2023-08-30 04:00:00,0.06367,0.06446,0.06472,0.0624
2023-08-30 08:00:00,0.06446,0.06487,0.0686,0.06446
2023-08-30 12:00:00,0.06539,0.06419,0.06556,0.06419
2023-08-30 16:00:00,0.06414,0.06462,0.0658,0.06361
2023-08-30 20:00:00,0.06462,0.06537,0.06564,0.06385
2023-08-31 00:00:00,0.06494,0.06424,0.06552,0.06355
2023-08-31 04:00:00,0.06424,0.06441,0.06504,0.06384
2023-08-31 08:00:00,0.06441,0.06408,0.06448,0.06366
2023-08-31 12:00:00,0.06408,0.06415,0.06507,0.0629
2023-08-31 16:00:00,0.06415,0.06054,0.06424,0.06037
2023-08-31 20:00:00,0.06054,0.0595,0.06077,0.05907
2023-09-01 00:00:00,0.0595,0.06172,0.06261,0.05869
2023-09-01 04:00:00,0.06172,0.06096,0.06307,0.06041
2023-09-01 08:00:00,0.06056,0.06151,0.06261,0.057
2023-09-01 12:00:00,0.06151,0.06029,0.06261,0.055
2023-09-01 16:00:00,0.06029,0.06,0.062,0.05924
2023-09-01 20:00:00,0.05995,0.06025,0.06201,0.05949
2023-09-02 00:00:00,0.06025,0.0613,0.06174,0.0595
2023-09-02 04:00:00,0.0613,0.06053,0.06146,0.05994
2023-09-02 08:00:00,0.06053,0.06085,0.06201,0.06041
2023-09-02 12:00:00,0.06085,0.06045,0.06091,0.06014
2023-09-02 16:00:00,0.06047,0.06016,0.061,0.05922
2023-09-02 20:00:00,0.06016,0.06083,0.061,0.05967
2023-09-03 00:00:00,0.06083,0.06073,0.06109,0.06046
2023-09-03 04:00:00,0.06073,0.06076,0.06085,0.06042
2023-09-03 08:00:00,0.06076,0.06007,0.06104,0.05998
2023-09-03 12:00:00,0.06007,0.05955,0.06028,0.0595
2023-09-03 16:00:00,0.05955,0.05899,0.05987,0.05864
2023-09-03 20:00:00,0.05897,0.05983,0.06099,0.05865
2023-09-04 00:00:00,0.05983,0.05989,0.06026,0.05956
2023-09-04 04:00:00,0.05989,0.061,0.06159,0.05962
2023-09-04 08:00:00,0.061,0.05988,0.06142,0.05861
2023-09-04 12:00:00,0.05988,0.06,0.06035,0.05955
2023-09-04 16:00:00,0.06,0.05962,0.06007,0.05954
2023-09-04 20:00:00,0.05962,0.05936,0.05969,0.05909
2023-09-05 00:00:00,0.05936,0.05905,0.05943,0.05865
2023-09-05 04:00:00,0.05905,0.05907,0.05962,0.05786
2023-09-05 08:00:00,0.05907,0.0579,0.0597,0.0575
2023-09-05 12:00:00,0.0579,0.05549,0.05821,0.05532
2023-09-05 16:00:00,0.05549,0.0572,0.05738,0.05452
2023-09-05 20:00:00,0.05682,0.05539,0.05769,0.054
2023-09-06 00:00:00,0.05532,0.05854,0.0595,0.05453
2023-09-06 04:00:00,0.05853,0.05818,0.05853,0.0578
2023-09-06 08:00:00,0.05818,0.05787,0.05838,0.05783
2023-09-06 12:00:00,0.05787,0.05774,0.0584,0.05631
2023-09-06 16:00:00,0.05774,0.05753,0.05982,0.05611
2023-09-06 20:00:00,0.05747,0.05749,0.05802,0.05709
2023-09-07 00:00:00,0.05749,0.05776,0.05793,0.05745
2023-09-07 04:00:00,0.05776,0.05685,0.05799,0.05614
2023-09-07 08:00:00,0.05685,0.05704,0.05779,0.05614
2023-09-07 12:00:00,0.0567,0.05668,0.05779,0.05613
2023-09-07 16:00:00,0.05624,0.05642,0.05894,0.05623
2023-09-07 20:00:00,0.05642,0.05911,0.05994,0.05614
2023-09-08 00:00:00,0.05937,0.05917,0.05937,0.05917
2023-09-08 04:00:00,0.0598,0.05651,0.0598,0.0561
2023-09-08 08:00:00,0.05651,0.05615,0.05779,0.05493
2023-09-08 12:00:00,0.05611,0.05726,0.05754,0.05532
2023-09-08 16:00:00,0.05726,0.05772,0.05773,0.05725
2023-09-08 20:00:00,0.05772,0.0582,0.05845,0.05771
2023-09-09 00:00:00,0.0582,0.05793,0.0582,0.05768
2023-09-09 04:00:00,0.05793,0.05764,0.0582,0.05764
2023-09-09 08:00:00,0.05781,0.05791,0.05795,0.05771
2023-09-09 12:00:00,0.05791,0.05797,0.0582,0.05755
2023-09-09 16:00:00,0.05797,0.05739,0.05799,0.05635
2023-09-09 20:00:00,0.05739,0.05751,0.05775,0.05709
2023-09-10 00:00:00,0.05751,0.05697,0.05771,0.05697
2023-09-10 04:00:00,0.05704,0.05635,0.05707,0.05635
2023-09-10 08:00:00,0.0562,0.05569,0.0562,0.05495
2023-09-10 12:00:00,0.05569,0.05572,0.05606,0.05559
2023-09-10 16:00:00,0.05572,0.05763,0.05906,0.05544
2023-09-10 20:00:00,0.05763,0.0577,0.05776,0.05532
2023-09-11 00:00:00,0.05724,0.05716,0.05724,0.05716
2023-09-11 04:00:00,0.05717,0.05679,0.05775,0.05515
2023-09-11 08:00:00,0.05654,0.05573,0.05699,0.05466
2023-09-11 12:00:00,0.05573,0.05667,0.05693,0.05532
2023-09-11 16:00:00,0.05667,0.05619,0.05674,0.05576
2023-09-11 20:00:00,0.05619,0.05595,0.0568,0.05401
2023-09-12 00:00:00,0.05595,0.05607,0.05665,0.05541
2023-09-12 04:00:00,0.05591,0.05584,0.0573,0.05494
2023-09-12 08:00:00,0.0558,0.05633,0.05757,0.05492
2023-09-12 12:00:00,0.05633,0.0566,0.05734,0.05533
2023-09-12 16:00:00,0.0566,0.05633,0.0568,0.05591
2023-09-12 20:00:00,0.05633,0.05629,0.05666,0.05595
2023-09-13 00:00:00,0.05624,0.05624,0.05624,0.05624
2023-09-13 04:00:00,0.05602,0.05454,0.05602,0.053
2023-09-13 08:00:00,0.05424,0.05473,0.05533,0.05413
2023-09-13 12:00:00,0.05473,0.05518,0.05578,0.05461
2023-09-13 16:00:00,0.055,0.05516,0.0559,0.05275
2023-09-13 20:00:00,0.05526,0.05579,0.05612,0.05477
2023-09-14 00:00:00,0.05579,0.0648,0.0668,0.05554
2023-09-14 04:00:00,0.0648,0.06217,0.06509,0.06049
2023-09-14 08:00:00,0.06259,0.06288,0.06369,0.06141
2023-09-14 12:00:00,0.06288,0.06296,0.0634,0.06174
2023-09-14 16:00:00,0.06291,0.06387,0.0668,0.06216
2023-09-14 20:00:00,0.06387,0.06245,0.064,0.06
2023-09-15 00:00:00,0.06245,0.06338,0.06438,0.06188
2023-09-15 04:00:00,0.06338,0.05978,0.06519,0.05952
2023-09-15 08:00:00,0.05978,0.05978,0.06015,0.0595
2023-09-15 12:00:00,0.05978,0.05973,0.06029,0.05962
2023-09-15 16:00:00,0.05973,0.05966,0.06019,0.05956
2023-09-15 20:00:00,0.05966,0.05999,0.06015,0.05945
2023-09-16 00:00:00,0.05999,0.06012,0.06012,0.05965
2023-09-16 04:00:00,0.06012,0.06003,0.06037,0.05973
2023-09-16 08:00:00,0.06003,0.05722,0.06003,0.0554
2023-09-16 12:00:00,0.05722,0.05727,0.05753,0.05706
2023-09-16 16:00:00,0.05727,0.05708,0.05731,0.05697
2023-09-16 20:00:00,0.05708,0.05758,0.05761,0.05697
2023-09-17 00:00:00,0.05758,0.05752,0.05779,0.05744
2023-09-17 04:00:00,0.05752,0.05942,0.0595,0.05749
2023-09-17 08:00:00,0.05942,0.05906,0.05946,0.05866
2023-09-17 12:00:00,0.05906,0.05872,0.0595,0.05823
2023-09-17 16:00:00,0.05872,0.05783,0.05872,0.05634
2023-09-17 20:00:00,0.05783,0.05957,0.0603,0.05743
2023-09-18 00:00:00,0.05957,0.0598,0.05994,0.05913
2023-09-18 04:00:00,0.0598,0.05997,0.06021,0.05953
2023-09-18 08:00:00,0.05997,0.06001,0.06024,0.05965
2023-09-18 12:00:00,0.06001,0.05971,0.06025,0.05968
2023-09-18 16:00:00,0.05971,0.05739,0.05981,0.05575
2023-09-18 20:00:00,0.05739,0.05683,0.0574,0.05681
2023-09-19 00:00:00,0.05683,0.0567,0.05685,0.0567
2023-09-19 04:00:00,0.05677,0.05493,0.05677,0.0545
2023-09-19 08:00:00,0.05493,0.05496,0.0553,0.05475
2023-09-19 12:00:00,0.05496,0.05486,0.05523,0.05475
2023-09-19 16:00:00,0.05486,0.055,0.05519,0.05462
2023-09-19 20:00:00,0.055,0.05492,0.05516,0.05478
2023-09-20 00:00:00,0.05492,0.05487,0.05513,0.05476
2023-09-20 04:00:00,0.05487,0.05483,0.05504,0.05458
2023-09-20 08:00:00,0.05483,0.05492,0.05511,0.0547
2023-09-20 12:00:00,0.05492,0.05495,0.05502,0.0547
2023-09-20 16:00:00,0.05495,0.05498,0.05984,0.05472
2023-09-20 20:00:00,0.05498,0.05485,0.05515,0.05469
2023-09-21 00:00:00,0.05485,0.05497,0.05507,0.05473
2023-09-21 04:00:00,0.05497,0.05503,0.05512,0.05482
2023-09-21 08:00:00,0.05503,0.05501,0.05524,0.05486
2023-09-21 12:00:00,0.05501,0.05488,0.05524,0.05481
2023-09-21 16:00:00,0.05488,0.05492,0.05511,0.05476
2023-09-21 20:00:00,0.05492,0.05502,0.05584,0.05491
2023-09-22 00:00:00,0.05502,0.05477,0.05516,0.05477
2023-09-22 04:00:00,0.05478,0.05485,0.0552,0.05477
2023-09-22 08:00:00,0.05485,0.05464,0.05488,0.05453
2023-09-22 12:00:00,0.05464,0.05438,0.05473,0.05413
2023-09-22 16:00:00,0.05438,0.05397,0.05468,0.05386
2023-09-22 20:00:00,0.05397,0.05428,0.05435,0.05386
2023-09-23 00:00:00,0.05428,0.05423,0.05452,0.05412
2023-09-23 04:00:00,0.05423,0.05461,0.0549,0.05408
2023-09-23 08:00:00,0.05461,0.05488,0.05499,0.05444
2023-09-23 12:00:00,0.05488,0.05499,0.0553,0.05477
2023-09-23 16:00:00,0.05499,0.05494,0.05529,0.05477
2023-09-23 20:00:00,0.05494,0.0546,0.05509,0.05452
2023-09-24 00:00:00,0.0546,0.05491,0.05596,0.05455
2023-09-24 04:00:00,0.05491,0.0547,0.05497,0.05452
2023-09-24 08:00:00,0.0547,0.05458,0.05472,0.05417
2023-09-24 12:00:00,0.05458,0.05447,0.05488,0.05422
2023-09-24 16:00:00,0.05447,0.0546,0.0548,0.05419
2023-09-24 20:00:00,0.0546,0.05441,0.05491,0.05413
2023-09-25 00:00:00,0.05441,0.05422,0.05443,0.05413
2023-09-25 04:00:00,0.05422,0.0543,0.05435,0.05413
2023-09-25 08:00:00,0.05426,0.05439,0.05449,0.05426
2023-09-25 12:00:00,0.05439,0.05494,0.05613,0.05435
2023-09-25 16:00:00,0.05494,0.05489,0.05505,0.0548
2023-09-25 20:00:00,0.05488,0.05495,0.05737,0.05475
2023-09-26 00:00:00,0.05495,0.05492,0.05531,0.05454
2023-09-26 04:00:00,0.05492,0.05492,0.05523,0.05457
2023-09-26 08:00:00,0.05492,0.055,0.0551,0.05465
2023-09-26 12:00:00,0.055,0.05492,0.05502,0.05452
2023-09-26 16:00:00,0.05492,0.05479,0.05507,0.05465
2023-09-26 20:00:00,0.05479,0.05616,0.05957,0.05456
2023-09-27 00:00:00,0.05638,0.05614,0.05644,0.05588
2023-09-27 04:00:00,0.05614,0.05497,0.05845,0.05493
2023-09-27 08:00:00,0.05538,0.05737,0.0626,0.05457
2023-09-27 12:00:00,0.05737,0.05474,0.0595,0.05456
2023-09-27 16:00:00,0.05497,0.05499,0.0556,0.05452
2023-09-27 20:00:00,0.05499,0.05553,0.05736,0.05452
2023-09-28 00:00:00,0.05565,0.05667,0.057,0.05413
2023-09-28 04:00:00,0.05667,0.05753,0.05907,0.05656
2023-09-28 08:00:00,0.05774,0.05901,0.0595,0.05753
2023-09-28 12:00:00,0.05886,0.06002,0.06249,0.05861
2023-09-28 16:00:00,0.06002,0.06483,0.066,0.05996
2023-09-28 20:00:00,0.06483,0.06326,0.066,0.06285
2023-09-29 00:00:00,0.06326,0.06291,0.068,0.06218
2023-09-29 04:00:00,0.06291,0.06314,0.06324,0.06261
2023-09-29 08:00:00,0.06314,0.06293,0.06325,0.06262
2023-09-29 12:00:00,0.06293,0.07026,0.0708,0.06041
2023-09-29 16:00:00,0.07026,0.06693,0.07033,0.06401
2023-09-29 20:00:00,0.06693,0.06591,0.06693,0.062
2023-09-30 00:00:00,0.06591,0.06681,0.06702,0.06569
2023-09-30 04:00:00,0.06681,0.06706,0.06791,0.06657
2023-09-30 08:00:00,0.06706,0.07052,0.0708,0.0669
2023-09-30 12:00:00,0.07052,0.07061,0.0708,0.067
2023-09-30 16:00:00,0.07061,0.0761,0.08,0.07028
2023-09-30 20:00:00,0.07559,0.07276,0.07975,0.06841
2023-10-01 00:00:00,0.07297,0.07459,0.0761,0.07164
2023-10-01 04:00:00,0.07459,0.07073,0.07624,0.0696
2023-10-01 08:00:00,0.07073,0.06541,0.07075,0.06377
2023-10-01 12:00:00,0.06541,0.06518,0.06542,0.06354
2023-10-01 16:00:00,0.065,0.06768,0.06787,0.0626
2023-10-01 20:00:00,0.06783,0.06698,0.06966,0.06666
2023-10-02 00:00:00,0.06698,0.06926,0.06945,0.06623
2023-10-02 04:00:00,0.06926,0.06997,0.079,0.06781
2023-10-02 08:00:00,0.06997,0.07016,0.07236,0.06823
2023-10-02 12:00:00,0.07046,0.07225,0.07238,0.07015
2023-10-02 16:00:00,0.07225,0.0686,0.07236,0.06801
2023-10-02 20:00:00,0.0686,0.06842,0.06896,0.06801
2023-10-03 00:00:00,0.06842,0.07198,0.072,0.06842
2023-10-03 04:00:00,0.07154,0.07043,0.07174,0.07038
2023-10-03 08:00:00,0.07043,0.0687,0.07282,0.06844
2023-10-03 12:00:00,0.0687,0.06871,0.06973,0.06844
2023-10-03 16:00:00,0.06871,0.06707,0.06879,0.06612
2023-10-03 20:00:00,0.06707,0.07068,0.07122,0.06699
2023-10-04 00:00:00,0.07026,0.06954,0.07038,0.06918
2023-10-04 04:00:00,0.06919,0.06934,0.07123,0.0685
2023-10-04 08:00:00,0.0694,0.07122,0.07122,0.06768
2023-10-04 12:00:00,0.07122,0.08239,0.08999,0.07093
2023-10-04 16:00:00,0.08239,0.07997,0.08322,0.07809
2023-10-04 20:00:00,0.08056,0.07816,0.08063,0.07591
2023-10-05 00:00:00,0.0782,0.07517,0.079,0.0731
2023-10-05 04:00:00,0.07517,0.07792,0.07997,0.07201
2023-10-05 08:00:00,0.07792,0.08464,0.09,0.0723
2023-10-05 12:00:00,0.08463,0.08142,0.08507,0.07935
2023-10-05 16:00:00,0.08142,0.08041,0.08155,0.07935
2023-10-05 20:00:00,0.08041,0.08269,0.08368,0.08027
2023-10-06 00:00:00,0.08269,0.08107,0.08269,0.08107
2023-10-06 04:00:00,0.08107,0.08112,0.08152,0.08067
2023-10-06 08:00:00,0.08112,0.08245,0.08304,0.08026
2023-10-06 12:00:00,0.08245,0.08013,0.08505,0.08013
2023-10-06 16:00:00,0.08012,0.08023,0.08225,0.07858
2023-10-06 20:00:00,0.08023,0.08459,0.08493,0.08023
2023-10-07 00:00:00,0.08459,0.08434,0.08506,0.08359
2023-10-07 04:00:00,0.08434,0.07809,0.08514,0.077
2023-10-07 08:00:00,0.07809,0.08003,0.08003,0.076
2023-10-07 12:00:00,0.07972,0.08314,0.08536,0.07969
2023-10-07 16:00:00,0.08314,0.08087,0.08536,0.08037
2023-10-07 20:00:00,0.08087,0.08021,0.08292,0.07844
2023-10-08 00:00:00,0.08021,0.08254,0.08268,0.0788
2023-10-08 04:00:00,0.08254,0.08064,0.08341,0.0788
2023-10-08 08:00:00,0.08064,0.07893,0.08259,0.0782
2023-10-08 12:00:00,0.07886,0.08,0.08,0.07885
2023-10-08 16:00:00,0.08,0.0805,0.08051,0.07795
2023-10-08 20:00:00,0.0805,0.07816,0.08051,0.07803
2023-10-09 00:00:00,0.07816,0.07933,0.08014,0.07812
2023-10-09 04:00:00,0.07933,0.08035,0.08125,0.07907
2023-10-09 08:00:00,0.08035,0.07603,0.0805,0.07582
2023-10-09 12:00:00,0.07603,0.074,0.07704,0.074
2023-10-09 16:00:00,0.07397,0.07401,0.07466,0.07102
2023-10-09 20:00:00,0.07401,0.07225,0.07426,0.07205
2023-10-10 00:00:00,0.07225,0.07144,0.07272,0.07016
2023-10-10 04:00:00,0.07144,0.07197,0.07293,0.0705
2023-10-10 08:00:00,0.07197,0.07134,0.07298,0.07133
2023-10-10 12:00:00,0.07134,0.07059,0.07163,0.0701
2023-10-10 16:00:00,0.07059,0.07183,0.07218,0.06947
2023-10-10 20:00:00,0.07208,0.07151,0.07223,0.0715
2023-10-11 00:00:00,0.07151,0.07463,0.07537,0.07151
2023-10-11 04:00:00,0.07466,0.07019,0.07481,0.07
2023-10-11 08:00:00,0.07019,0.07124,0.07192,0.06809
2023-10-11 12:00:00,0.07124,0.07004,0.07134,0.06944
2023-10-11 16:00:00,0.07004,0.06868,0.07026,0.068
2023-10-11 20:00:00,0.06868,0.06855,0.06876,0.06801
2023-10-12 00:00:00,0.06855,0.07064,0.07081,0.06846
2023-10-12 04:00:00,0.07064,0.07067,0.07115,0.07015
2023-10-12 08:00:00,0.07067,0.07321,0.07425,0.07063
2023-10-12 12:00:00,0.07321,0.07165,0.07481,0.07079
2023-10-12 16:00:00,0.07165,0.0714,0.07402,0.07101
2023-10-12 20:00:00,0.0714,0.07177,0.07206,0.07102
2023-10-13 00:00:00,0.07177,0.07115,0.07181,0.07102
2023-10-13 04:00:00,0.07115,0.07357,0.07365,0.0711
2023-10-13 08:00:00,0.07357,0.07514,0.07537,0.07283
2023-10-13 12:00:00,0.07514,0.07521,0.07538,0.07273
2023-10-13 16:00:00,0.07521,0.07555,0.07562,0.07514
2023-10-13 20:00:00,0.07555,0.07809,0.07986,0.07284
2023-10-14 00:00:00,0.07809,0.07987,0.08,0.07779
2023-10-14 04:00:00,0.07987,0.07852,0.08006,0.07829
2023-10-14 08:00:00,0.07852,0.07997,0.08069,0.07844
2023-10-14 12:00:00,0.07997,0.07949,0.0803,0.07941
2023-10-14 16:00:00,0.07949,0.07978,0.08035,0.07914
2023-10-14 20:00:00,0.07978,0.08229,0.08239,0.07973
2023-10-15 00:00:00,0.08229,0.08289,0.0851,0.08229
2023-10-15 04:00:00,0.08289,0.07887,0.0831,0.07867
2023-10-15 08:00:00,0.07887,0.07984,0.07985,0.07885
2023-10-15 12:00:00,0.07984,0.08099,0.0832,0.079
2023-10-15 16:00:00,0.08099,0.07975,0.08141,0.07847
2023-10-15 20:00:00,0.07975,0.07798,0.07984,0.07676
2023-10-16 00:00:00,0.07798,0.07336,0.07817,0.07296
2023-10-16 04:00:00,0.07336,0.07666,0.07687,0.07322
2023-10-16 08:00:00,0.07666,0.07869,0.07995,0.07608
2023-10-16 12:00:00,0.07869,0.08299,0.0851,0.07859
2023-10-16 16:00:00,0.08299,0.08478,0.0849,0.081
2023-10-16 20:00:00,0.08474,0.0827,0.08478,0.0811
2023-10-17 00:00:00,0.08276,0.08228,0.0828,0.08137
2023-10-17 04:00:00,0.08228,0.08155,0.08626,0.08015
2023-10-17 08:00:00,0.08121,0.08357,0.08364,0.08001
2023-10-17 12:00:00,0.08358,0.08167,0.0855,0.08147
2023-10-17 16:00:00,0.08167,0.08066,0.08197,0.08052
2023-10-17 20:00:00,0.08066,0.08368,0.0839,0.08066
2023-10-18 00:00:00,0.08368,0.0837,0.08489,0.08368
2023-10-18 04:00:00,0.08374,0.08334,0.08408,0.08047
2023-10-18 08:00:00,0.08334,0.08256,0.0834,0.081
2023-10-18 12:00:00,0.08256,0.08047,0.08309,0.08005
2023-10-18 16:00:00,0.08047,0.07844,0.08204,0.0781
2023-10-18 20:00:00,0.07844,0.08075,0.08136,0.07844
2023-10-19 00:00:00,0.08078,0.08136,0.08136,0.08078
2023-10-19 04:00:00,0.08085,0.08145,0.08223,0.08075
2023-10-19 08:00:00,0.08146,0.08149,0.08304,0.08137
2023-10-19 12:00:00,0.08149,0.07921,0.08149,0.0759
2023-10-19 16:00:00,0.07921,0.07717,0.08013,0.07681
2023-10-19 20:00:00,0.07717,0.08056,0.08122,0.07683
2023-10-20 00:00:00,0.08055,0.08056,0.08123,0.08055
2023-10-20 04:00:00,0.08056,0.08156,0.08225,0.08056
2023-10-20 08:00:00,0.08156,0.08386,0.08408,0.08081
2023-10-20 12:00:00,0.08386,0.08664,0.08674,0.0837
2023-10-20 16:00:00,0.08664,0.08785,0.08945,0.08386
2023-10-20 20:00:00,0.08789,0.08994,0.08994,0.0869
2023-10-21 00:00:00,0.08993,0.08836,0.09,0.08836
2023-10-21 04:00:00,0.08846,0.0909,0.0945,0.08816
2023-10-21 08:00:00,0.0909,0.09699,0.09734,0.0909
2023-10-21 12:00:00,0.09699,0.10511,0.10735,0.09582
2023-10-21 16:00:00,0.10511,0.10787,0.11648,0.09961
2023-10-21 20:00:00,0.10805,0.10816,0.11,0.10385
2023-10-22 00:00:00,0.10814,0.10642,0.11076,0.09906
2023-10-22 04:00:00,0.10645,0.12527,0.13,0.10547
2023-10-22 08:00:00,0.12369,0.1213,0.14,0.12096
2023-10-22 12:00:00,0.12161,0.1216,0.12878,0.12094
2023-10-22 16:00:00,0.1216,0.11227,0.12176,0.108
2023-10-22 20:00:00,0.11227,0.11369,0.11479,0.10596
2023-10-23 00:00:00,0.11233,0.10427,0.11233,0.10179
2023-10-23 04:00:00,0.10427,0.10566,0.10715,0.10001
2023-10-23 08:00:00,0.10463,0.11026,0.11066,0.10429
2023-10-23 12:00:00,0.11026,0.11029,0.11107,0.105
2023-10-23 16:00:00,0.11065,0.10777,0.11297,0.1043
2023-10-23 20:00:00,0.10777,0.11219,0.11432,0.10749
2023-10-24 00:00:00,0.11197,0.1161,0.11738,0.10907
2023-10-24 04:00:00,0.1161,0.11465,0.11758,0.11115
2023-10-24 08:00:00,0.11465,0.12021,0.12127,0.11455
2023-10-24 12:00:00,0.12021,0.11197,0.12243,0.111
2023-10-24 16:00:00,0.11197,0.11841,0.11923,0.111
2023-10-24 20:00:00,0.11923,0.12533,0.12563,0.11712
2023-10-25 00:00:00,0.12512,0.1097,0.12607,0.10871
2023-10-25 04:00:00,0.10963,0.1059,0.11,0.10589
2023-10-25 08:00:00,0.1059,0.10958,0.1106,0.10403
2023-10-25 12:00:00,0.10958,0.12076,0.12447,0.10958
2023-10-25 16:00:00,0.12068,0.11996,0.12092,0.11
2023-10-25 20:00:00,0.11996,0.11714,0.12005,0.11457
2023-10-26 00:00:00,0.11714,0.114,0.11767,0.11266
2023-10-26 04:00:00,0.11386,0.11492,0.11737,0.11265
2023-10-26 08:00:00,0.11645,0.11476,0.12087,0.1142
2023-10-26 12:00:00,0.11476,0.11749,0.11919,0.11191
2023-10-26 16:00:00,0.11749,0.12324,0.12324,0.11596
2023-10-26 20:00:00,0.12323,0.12232,0.12364,0.11962
2023-10-27 00:00:00,0.12232,0.12276,0.12408,0.12024
2023-10-27 04:00:00,0.12363,0.13156,0.15153,0.12009
2023-10-27 08:00:00,0.13156,0.14227,0.14748,0.12602
2023-10-27 12:00:00,0.14133,0.14681,0.154,0.13888
2023-10-27 16:00:00,0.14681,0.14714,0.1495,0.13651
2023-10-27 20:00:00,0.14715,0.14812,0.14904,0.14131
2023-10-28 00:00:00,0.148,0.14106,0.148,0.13788
2023-10-28 04:00:00,0.14078,0.12948,0.14184,0.12754
2023-10-28 08:00:00,0.12871,0.13029,0.14249,0.12624
2023-10-28 12:00:00,0.13021,0.12781,0.13588,0.12669
2023-10-28 16:00:00,0.12781,0.12341,0.12939,0.118
2023-10-28 20:00:00,0.12341,0.11905,0.12563,0.11898
2023-10-29 00:00:00,0.11986,0.12244,0.12545,0.11986
2023-10-29 04:00:00,0.12244,0.12476,0.1285,0.1215
2023-10-29 08:00:00,0.12476,0.12473,0.13035,0.12448
2023-10-29 12:00:00,0.12473,0.12747,0.1304,0.12448
2023-10-29 16:00:00,0.12747,0.12959,0.13041,0.12547
2023-10-29 20:00:00,0.12959,0.12739,0.13787,0.12714
2023-10-30 00:00:00,0.12739,0.12999,0.13369,0.12582
2023-10-30 04:00:00,0.12999,0.11944,0.13167,0.11877
2023-10-30 08:00:00,0.11944,0.12001,0.12184,0.11809
2023-10-30 12:00:00,0.11991,0.11906,0.12236,0.11827
2023-10-30 16:00:00,0.11911,0.1159,0.1311,0.1123
2023-10-30 20:00:00,0.11621,0.1146,0.11797,0.11453
2023-10-31 00:00:00,0.11515,0.11255,0.11698,0.1118
2023-10-31 04:00:00,0.11255,0.11885,0.12049,0.11001
2023-10-31 08:00:00,0.11885,0.11864,0.12045,0.11522
2023-10-31 12:00:00,0.11864,0.11169,0.11915,0.11024
2023-10-31 16:00:00,0.11168,0.11726,0.11753,0.10989
2023-10-31 20:00:00,0.11726,0.11701,0.11963,0.11493
2023-11-01 00:00:00,0.11701,0.11354,0.11701,0.11075
2023-11-01 04:00:00,0.11355,0.11265,0.1137,0.105
2023-11-01 08:00:00,0.11258,0.10795,0.11272,0.10029
2023-11-01 12:00:00,0.10624,0.09725,0.10838,0.095
2023-11-01 16:00:00,0.09725,0.1087,0.10878,0.095
2023-11-01 20:00:00,0.1087,0.1077,0.115,0.10563
2023-11-02 00:00:00,0.1077,0.11319,0.118,0.10746
2023-11-02 04:00:00,0.11252,0.10739,0.11296,0.10637
2023-11-02 08:00:00,0.10739,0.11547,0.11799,0.10734
2023-11-02 12:00:00,0.11547,0.11438,0.11986,0.1132
2023-11-02 16:00:00,0.11438,0.11025,0.11694,0.11
2023-11-02 20:00:00,0.11119,0.10284,0.11247,0.101
2023-11-03 00:00:00,0.10284,0.10485,0.10641,0.102
2023-11-03 04:00:00,0.10485,0.10798,0.11158,0.10403
2023-11-03 08:00:00,0.10798,0.10641,0.11157,0.1015
2023-11-03 12:00:00,0.10641,0.10823,0.10903,0.1021
2023-11-03 16:00:00,0.10823,0.11643,0.122,0.10777
2023-11-03 20:00:00,0.11643,0.11811,0.12282,0.11533
2023-11-04 00:00:00,0.11794,0.11944,0.12009,0.11794
2023-11-04 04:00:00,0.11944,0.12008,0.12261,0.1187
2023-11-04 08:00:00,0.12008,0.11958,0.12082,0.11415
2023-11-04 12:00:00,0.11958,0.11955,0.12303,0.11632
2023-11-04 16:00:00,0.11955,0.11773,0.1226,0.1166
2023-11-04 20:00:00,0.11773,0.11853,0.12048,0.11621
2023-11-05 00:00:00,0.11853,0.12,0.12092,0.11759
2023-11-05 04:00:00,0.12008,0.12,0.12282,0.11605
2023-11-05 08:00:00,0.11996,0.11921,0.12135,0.11732
2023-11-05 12:00:00,0.11902,0.11965,0.12246,0.11592
2023-11-05 16:00:00,0.11965,0.11898,0.1243,0.11816
2023-11-05 20:00:00,0.1186,0.11732,0.12134,0.11253
2023-11-06 00:00:00,0.11729,0.11658,0.1205,0.11533
2023-11-06 04:00:00,0.11658,0.1197,0.12067,0.11658
2023-11-06 08:00:00,0.1197,0.11943,0.1197,0.1158
2023-11-06 12:00:00,0.11943,0.11899,0.12365,0.11473
2023-11-06 16:00:00,0.11899,0.11933,0.12132,0.11811
2023-11-06 20:00:00,0.11933,0.11914,0.12407,0.11794
2023-11-07 00:00:00,0.11914,0.11784,0.12028,0.11442
2023-11-07 04:00:00,0.11784,0.1167,0.11923,0.11521
2023-11-07 08:00:00,0.1167,0.11666,0.11735,0.11578
2023-11-07 12:00:00,0.11666,0.11357,0.11776,0.11211
2023-11-07 16:00:00,0.11357,0.11545,0.11747,0.11054
2023-11-07 20:00:00,0.11546,0.11339,0.11657,0.11054
2023-11-08 00:00:00,0.11339,0.11546,0.11575,0.11334
2023-11-08 04:00:00,0.11546,0.11356,0.11623,0.11011
2023-11-08 08:00:00,0.11371,0.11246,0.11491,0.11042
2023-11-08 12:00:00,0.11265,0.11366,0.11411,0.11053
2023-11-08 16:00:00,0.11366,0.11586,0.11635,0.11012
2023-11-08 20:00:00,0.11586,0.11866,0.12092,0.11372
2023-11-09 00:00:00,0.11866,0.11935,0.12238,0.11814
2023-11-09 04:00:00,0.11935,0.12173,0.12312,0.1191
2023-11-09 08:00:00,0.12173,0.11881,0.12175,0.1168
2023-11-09 12:00:00,0.11881,0.11821,0.12002,0.11413
2023-11-09 16:00:00,0.11821,0.11675,0.11854,0.11
2023-11-09 20:00:00,0.11675,0.11636,0.1199,0.11201
2023-11-10 00:00:00,0.11636,0.11762,0.11932,0.11623
2023-11-10 04:00:00,0.11762,0.11957,0.12,0.11414
2023-11-10 08:00:00,0.11957,0.11939,0.12272,0.11717
2023-11-10 12:00:00,0.11948,0.12302,0.12855,0.11763
2023-11-10 16:00:00,0.12302,0.12574,0.12599,0.11896
2023-11-10 20:00:00,0.12574,0.12853,0.14851,0.108
2023-11-11 00:00:00,0.12853,0.12735,0.133,0.12734
2023-11-11 04:00:00,0.12735,0.12858,0.12916,0.12525
2023-11-11 08:00:00,0.12858,0.13069,0.13632,0.128
2023-11-11 12:00:00,0.13092,0.1289,0.1345,0.12753
2023-11-11 16:00:00,0.12893,0.13014,0.13329,0.1254
2023-11-11 20:00:00,0.13014,0.13001,0.133,0.12637
2023-11-12 00:00:00,0.13039,0.13983,0.145,0.12651
2023-11-12 04:00:00,0.13983,0.13603,0.14387,0.12849
2023-11-12 08:00:00,0.13603,0.13072,0.13603,0.12751
2023-11-12 12:00:00,0.13072,0.1254,0.15448,0.12036
2023-11-12 16:00:00,0.12558,0.11568,0.12558,0.11321
2023-11-12 20:00:00,0.11515,0.11768,0.12799,0.11113
2023-11-13 00:00:00,0.11752,0.11263,0.1249,0.11157
2023-11-13 04:00:00,0.11263,0.11965,0.12717,0.11033
2023-11-13 08:00:00,0.11919,0.11434,0.12247,0.11392
2023-11-13 12:00:00,0.11434,0.1149,0.11963,0.11234
2023-11-13 16:00:00,0.11556,0.10825,0.11698,0.10808
2023-11-13 20:00:00,0.10826,0.10048,0.10932,0.1
2023-11-14 00:00:00,0.1009,0.09982,0.10344,0.0965
2023-11-14 04:00:00,0.10016,0.10216,0.10425,0.09701
2023-11-14 08:00:00,0.10216,0.1007,0.10638,0.1
2023-11-14 12:00:00,0.1007,0.09972,0.10342,0.09711
2023-11-14 16:00:00,0.09972,0.09894,0.10408,0.09681
2023-11-14 20:00:00,0.09894,0.09947,0.10249,0.09771
2023-11-15 00:00:00,0.09947,0.09984,0.10453,0.09804
2023-11-15 04:00:00,0.09984,0.09886,0.10108,0.0973
2023-11-15 08:00:00,0.09886,0.10216,0.10324,0.09851
2023-11-15 12:00:00,0.10192,0.101,0.10531,0.09883
2023-11-15 16:00:00,0.09974,0.10573,0.10999,0.09931
2023-11-15 20:00:00,0.1053,0.10105,0.10795,0.1002
2023-11-16 00:00:00,0.10105,0.09971,0.10502,0.09902
2023-11-16 04:00:00,0.10004,0.10254,0.10332,0.09926
2023-11-16 08:00:00,0.10254,0.10759,0.10874,0.10254
2023-11-16 12:00:00,0.10759,0.10518,0.10761,0.104
2023-11-16 16:00:00,0.10516,0.1047,0.10698,0.104
2023-11-16 20:00:00,0.1047,0.1009,0.1056,0.099
2023-11-17 00:00:00,0.10113,0.1015,0.10337,0.10098
2023-11-17 04:00:00,0.1021,0.09976,0.1021,0.099
2023-11-17 08:00:00,0.09976,0.099,0.10121,0.099
2023-11-17 12:00:00,0.09901,0.09765,0.10339,0.09735
2023-11-17 16:00:00,0.09765,0.1003,0.10108,0.0966
2023-11-17 20:00:00,0.10064,0.10041,0.10272,0.09772
2023-11-18 00:00:00,0.10041,0.09728,0.10137,0.09726
2023-11-18 04:00:00,0.09727,0.09894,0.10444,0.09721
2023-11-18 08:00:00,0.09894,0.09935,0.10003,0.09864
2023-11-18 12:00:00,0.09935,0.09963,0.10219,0.09864
2023-11-18 16:00:00,0.09963,0.09601,0.101,0.09478
2023-11-18 20:00:00,0.09715,0.09908,0.1,0.09713
2023-11-19 00:00:00,0.09965,0.09939,0.09965,0.09868
2023-11-19 04:00:00,0.09902,0.09865,0.09989,0.09713
2023-11-19 08:00:00,0.09915,0.0996,0.1022,0.09883
2023-11-19 12:00:00,0.1,0.1009,0.10399,0.09817
2023-11-19 16:00:00,0.10072,0.1009,0.104,0.09941
2023-11-19 20:00:00,0.10051,0.09963,0.10323,0.0991
2023-11-20 00:00:00,0.0999,0.09962,0.10364,0.09952
2023-11-20 04:00:00,0.09986,0.09907,0.1061,0.09822
2023-11-20 08:00:00,0.09932,0.10006,0.10499,0.09831
2023-11-20 12:00:00,0.1,0.0989,0.10171,0.0988
2023-11-20 16:00:00,0.09948,0.10023,0.105,0.09926
2023-11-20 20:00:00,0.1001,0.0998,0.10148,0.09951
2023-11-21 00:00:00,0.0998,0.09989,0.10048,0.09955
2023-11-21 04:00:00,0.10029,0.09978,0.1003,0.09921
2023-11-21 08:00:00,0.09978,0.09904,0.1005,0.098
2023-11-21 12:00:00,0.09938,0.097,0.10189,0.09478
2023-11-21 16:00:00,0.097,0.09551,0.102,0.09478
2023-11-21 20:00:00,0.09501,0.09069,0.09769,0.08718
2023-11-22 00:00:00,0.09086,0.09035,0.09341,0.08843
2023-11-22 04:00:00,0.09015,0.09948,0.09963,0.08824
2023-11-22 08:00:00,0.09905,0.1005,0.10149,0.0978
2023-11-22 12:00:00,0.09965,0.09961,0.10164,0.098
2023-11-22 16:00:00,0.09966,0.09997,0.10316,0.09885
2023-11-22 20:00:00,0.09917,0.10002,0.10187,0.09896
2023-11-23 00:00:00,0.09996,0.09974,0.10181,0.0993
2023-11-23 04:00:00,0.09986,0.1013,0.10326,0.09931
2023-11-23 08:00:00,0.10072,0.10027,0.10875,0.09966
2023-11-23 12:00:00,0.10018,0.12314,0.131,0.10018
2023-11-23 16:00:00,0.12307,0.11918,0.12479,0.11658
2023-11-23 20:00:00,0.11974,0.11501,0.13164,0.11501
2023-11-24 00:00:00,0.11501,0.09998,0.11677,0.09941
2023-11-24 04:00:00,0.09961,0.10138,0.10554,0.0985
2023-11-24 08:00:00,0.10138,0.10011,0.10183,0.0985
2023-11-24 12:00:00,0.10011,0.10002,0.10238,0.09918
2023-11-24 16:00:00,0.1006,0.10184,0.10325,0.09813
2023-11-24 20:00:00,0.10185,0.09932,0.102,0.0979
2023-11-25 00:00:00,0.09869,0.11471,0.13962,0.09868
2023-11-25 04:00:00,0.11471,0.1141,0.12234,0.11355
2023-11-25 08:00:00,0.1141,0.11791,0.11818,0.11027
2023-11-25 12:00:00,0.11791,0.12173,0.12176,0.11605
2023-11-25 16:00:00,0.12173,0.13281,0.139,0.12093
2023-11-25 20:00:00,0.13281,0.13636,0.13961,0.13105
2023-11-26 00:00:00,0.13632,0.13042,0.13632,0.12521
2023-11-26 04:00:00,0.13035,0.12536,0.13103,0.12217
2023-11-26 08:00:00,0.12536,0.13372,0.13636,0.12526
2023-11-26 12:00:00,0.13372,0.12952,0.13637,0.12855
2023-11-26 16:00:00,0.12888,0.11927,0.13027,0.11859
2023-11-26 20:00:00,0.11916,0.12164,0.12778,0.11877
2023-11-27 00:00:00,0.12163,0.11877,0.1228,0.11612
2023-11-27 04:00:00,0.11877,0.11833,0.12149,0.11693
2023-11-27 08:00:00,0.11833,0.11931,0.12186,0.11828
2023-11-27 12:00:00,0.11931,0.11827,0.12359,0.11413
2023-11-27 16:00:00,0.11798,0.11795,0.12302,0.11638
2023-11-27 20:00:00,0.11795,0.11962,0.11964,0.1145
2023-11-28 00:00:00,0.11962,0.11896,0.11998,0.11882
2023-11-28 04:00:00,0.11896,0.11961,0.11985,0.11817
2023-11-28 08:00:00,0.1196,0.11967,0.12046,0.11767
2023-11-28 12:00:00,0.11967,0.12007,0.12037,0.1155
2023-11-28 16:00:00,0.11993,0.12592,0.128,0.11891
2023-11-28 20:00:00,0.12592,0.11889,0.12853,0.11889
2023-11-29 00:00:00,0.11959,0.11827,0.12081,0.117
2023-11-29 04:00:00,0.11826,0.10648,0.11923,0.10501
2023-11-29 08:00:00,0.10691,0.11054,0.11066,0.1046
2023-11-29 12:00:00,0.11047,0.10755,0.11246,0.10733
2023-11-29 16:00:00,0.10753,0.10816,0.11149,0.10275
2023-11-29 20:00:00,0.10816,0.10696,0.10906,0.10346
2023-11-30 00:00:00,0.10696,0.10921,0.11029,0.1066
2023-11-30 04:00:00,0.10914,0.1076,0.11036,0.10722
2023-11-30 08:00:00,0.1076,0.10878,0.10878,0.10661
2023-11-30 12:00:00,0.10878,0.10714,0.10948,0.1066
2023-11-30 16:00:00,0.10714,0.103,0.10849,0.1007
2023-11-30 20:00:00,0.103,0.10557,0.10849,0.1
2023-12-01 00:00:00,0.10566,0.10317,0.1093,0.1
2023-12-01 04:00:00,0.10317,0.10616,0.10686,0.10239
2023-12-01 08:00:00,0.10616,0.10428,0.10764,0.1011
2023-12-01 12:00:00,0.10428,0.10296,0.10542,0.102
2023-12-01 16:00:00,0.10296,0.10178,0.10407,0.10153
2023-12-01 20:00:00,0.10256,0.10262,0.10572,0.10099
2023-12-02 00:00:00,0.10262,0.10511,0.10644,0.10178
2023-12-02 04:00:00,0.10511,0.10656,0.109,0.10484
2023-12-02 08:00:00,0.10656,0.10445,0.10781,0.10308
2023-12-02 12:00:00,0.10452,0.10549,0.10638,0.1041
2023-12-02 16:00:00,0.1055,0.10492,0.107,0.10205
2023-12-02 20:00:00,0.10481,0.10472,0.10569,0.10153
2023-12-03 00:00:00,0.10472,0.10357,0.10612,0.10225
2023-12-03 04:00:00,0.10357,0.1031,0.10521,0.10237
2023-12-03 08:00:00,0.10309,0.10658,0.1068,0.10236
2023-12-03 12:00:00,0.10658,0.134,0.145,0.10573
2023-12-03 16:00:00,0.134,0.13113,0.14,0.1295
2023-12-03 20:00:00,0.13113,0.12919,0.1345,0.12702
2023-12-04 00:00:00,0.12919,0.13135,0.141,0.12868
2023-12-04 04:00:00,0.13108,0.12854,0.133,0.12777
2023-12-04 08:00:00,0.12854,0.13075,0.14449,0.12831
2023-12-04 12:00:00,0.13092,0.13215,0.149,0.13092
2023-12-04 16:00:00,0.13208,0.13216,0.13466,0.12891
2023-12-04 20:00:00,0.13209,0.14543,0.14667,0.13002
2023-12-05 00:00:00,0.14542,0.15255,0.16,0.13163
2023-12-05 04:00:00,0.15337,0.15407,0.157,0.14615
2023-12-05 08:00:00,0.15445,0.15901,0.16226,0.14702
2023-12-05 12:00:00,0.15908,0.15052,0.16246,0.14901
2023-12-05 16:00:00,0.15052,0.14129,0.15103,0.14
2023-12-05 20:00:00,0.14145,0.13684,0.14412,0.13
2023-12-06 00:00:00,0.13684,0.12961,0.15051,0.1244
2023-12-06 04:00:00,0.12995,0.13153,0.13365,0.12573
2023-12-06 08:00:00,0.13117,0.12957,0.13392,0.1291
2023-12-06 12:00:00,0.12957,0.12971,0.13689,0.12903
2023-12-06 16:00:00,0.12971,0.13631,0.13689,0.12902
2023-12-06 20:00:00,0.13631,0.14081,0.14324,0.13622
2023-12-07 00:00:00,0.14089,0.13911,0.14645,0.13873
2023-12-07 04:00:00,0.13988,0.13663,0.14235,0.13648
2023-12-07 08:00:00,0.13663,0.13063,0.13686,0.12572
2023-12-07 12:00:00,0.13035,0.12842,0.13166,0.121
2023-12-07 16:00:00,0.12821,0.12567,0.13012,0.12495
2023-12-07 20:00:00,0.12567,0.12949,0.1312,0.12324
2023-12-08 00:00:00,0.12934,0.12868,0.13065,0.12833
2023-12-08 04:00:00,0.12872,0.12917,0.13028,0.12621
2023-12-08 08:00:00,0.12917,0.13117,0.13234,0.12852
2023-12-08 12:00:00,0.13117,0.13948,0.15,0.131
2023-12-08 16:00:00,0.13984,0.13723,0.14764,0.13569
2023-12-08 20:00:00,0.13714,0.15148,0.15451,0.13004
2023-12-09 00:00:00,0.1525,0.15789,0.16,0.14885
2023-12-09 04:00:00,0.15798,0.15998,0.16354,0.15565
2023-12-09 08:00:00,0.15999,0.15845,0.165,0.15101
2023-12-09 12:00:00,0.15845,0.16053,0.16888,0.15732
2023-12-09 16:00:00,0.16074,0.16307,0.16458,0.15543
2023-12-09 20:00:00,0.16458,0.16858,0.18655,0.16124
2023-12-10 00:00:00,0.16831,0.16722,0.17175,0.1587
2023-12-10 04:00:00,0.16722,0.16877,0.17336,0.1639
2023-12-10 08:00:00,0.16877,0.16271,0.17335,0.16207
2023-12-10 12:00:00,0.16271,0.17313,0.17549,0.16248
2023-12-10 16:00:00,0.17313,0.16564,0.17617,0.16349
2023-12-10 20:00:00,0.16542,0.15955,0.1707,0.15818
2023-12-11 00:00:00,0.15955,0.15399,0.16507,0.14445
2023-12-11 04:00:00,0.15404,0.15823,0.16073,0.15026
2023-12-11 08:00:00,0.15772,0.16068,0.16355,0.15464
2023-12-11 12:00:00,0.16068,0.15967,0.16743,0.158
2023-12-11 16:00:00,0.15974,0.15197,0.16279,0.15153
2023-12-11 20:00:00,0.15205,0.15495,0.15552,0.14524
2023-12-12 00:00:00,0.15501,0.16019,0.16019,0.15377
2023-12-12 04:00:00,0.16027,0.15893,0.16417,0.1578
2023-12-12 08:00:00,0.15983,0.15562,0.16013,0.15493
2023-12-12 12:00:00,0.15595,0.15154,0.15646,0.15126
2023-12-12 16:00:00,0.15154,0.17375,0.186,0.151
2023-12-12 20:00:00,0.17375,0.16461,0.17503,0.1619
2023-12-13 00:00:00,0.16403,0.15499,0.166,0.15499
2023-12-13 04:00:00,0.155,0.15611,0.16051,0.15484
2023-12-13 08:00:00,0.15614,0.15903,0.16327,0.1555
2023-12-13 12:00:00,0.15903,0.15895,0.16645,0.155
2023-12-13 16:00:00,0.15895,0.16307,0.16637,0.15804
2023-12-13 20:00:00,0.16319,0.16068,0.16635,0.15703
2023-12-14 00:00:00,0.16055,0.15953,0.16989,0.15822
2023-12-14 04:00:00,0.16033,0.15873,0.16041,0.15704
2023-12-14 08:00:00,0.1587,0.15987,0.16127,0.15664
2023-12-14 12:00:00,0.15981,0.16026,0.162,0.15902
2023-12-14 16:00:00,0.16026,0.15881,0.16945,0.15802
2023-12-14 20:00:00,0.15883,0.15999,0.16294,0.15816
2023-12-15 00:00:00,0.15999,0.15844,0.165,0.15817
2023-12-15 04:00:00,0.1584,0.15826,0.16038,0.15667
2023-12-15 08:00:00,0.15826,0.15797,0.16101,0.15685
2023-12-15 12:00:00,0.15797,0.15798,0.16025,0.1551
2023-12-15 16:00:00,0.15798,0.14993,0.15966,0.14803
2023-12-15 20:00:00,0.14999,0.14585,0.1526,0.14405
2023-12-16 00:00:00,0.1453,0.15339,0.15418,0.14522
2023-12-16 04:00:00,0.15325,0.15272,0.15398,0.15045
2023-12-16 08:00:00,0.1526,0.15595,0.15595,0.15048
2023-12-16 12:00:00,0.1552,0.15411,0.15879,0.15004
2023-12-16 16:00:00,0.15414,0.15451,0.15575,0.15138
2023-12-16 20:00:00,0.15451,0.16043,0.16445,0.1526
2023-12-17 00:00:00,0.1596,0.16808,0.198,0.15769
2023-12-17 04:00:00,0.16859,0.15939,0.16859,0.15646
2023-12-17 08:00:00,0.15939,0.16053,0.16412,0.158
2023-12-17 12:00:00,0.16056,0.15829,0.16195,0.15606
2023-12-17 16:00:00,0.15829,0.15586,0.15829,0.15281
2023-12-17 20:00:00,0.15586,0.15379,0.16214,0.15359
2023-12-18 00:00:00,0.15388,0.14581,0.15454,0.145
2023-12-18 04:00:00,0.14581,0.13414,0.14628,0.13393
2023-12-18 08:00:00,0.13414,0.13517,0.13908,0.131
2023-12-18 12:00:00,0.13596,0.13982,0.144,0.13021
2023-12-18 16:00:00,0.14052,0.13179,0.14322,0.11731
2023-12-18 20:00:00,0.13128,0.1366,0.13769,0.12899
2023-12-19 00:00:00,0.13748,0.13891,0.14046,0.13494
2023-12-19 04:00:00,0.13963,0.14204,0.14265,0.13304
2023-12-19 08:00:00,0.14204,0.14933,0.15024,0.14204
2023-12-19 16:00:00,0.14329,0.15635,0.16003,0.14156
2023-12-19 20:00:00,0.15635,0.1625,0.17,0.15252
2023-12-20 00:00:00,0.1625,0.1559,0.16484,0.15097
2023-12-20 04:00:00,0.156,0.15971,0.16153,0.156
2023-12-20 08:00:00,0.15981,0.15961,0.16255,0.15874
2023-12-20 12:00:00,0.16017,0.15709,0.16102,0.15058
2023-12-20 16:00:00,0.15711,0.1586,0.1586,0.14971
2023-12-20 20:00:00,0.1586,0.15795,0.16699,0.15348
2023-12-21 00:00:00,0.15796,0.15927,0.16231,0.15656
2023-12-21 04:00:00,0.16025,0.15912,0.16045,0.15743
2023-12-21 08:00:00,0.15912,0.15911,0.16024,0.15138
2023-12-21 12:00:00,0.15911,0.15181,0.15972,0.14929
2023-12-21 16:00:00,0.15181,0.15344,0.15485,0.15124
2023-12-21 20:00:00,0.15344,0.14972,0.15372,0.14802
2023-12-22 00:00:00,0.14972,0.15079,0.15409,0.14967
2023-12-22 04:00:00,0.15068,0.15126,0.15155,0.14992
2023-12-22 08:00:00,0.15098,0.15049,0.1514,0.14992
2023-12-22 12:00:00,0.15049,0.16034,0.1653,0.14941
2023-12-22 16:00:00,0.16034,0.15996,0.16744,0.15101
2023-12-22 20:00:00,0.16014,0.16464,0.16763,0.15899
2023-12-23 00:00:00,0.16457,0.16618,0.17738,0.16322
2023-12-23 04:00:00,0.16569,0.16596,0.17899,0.16323
2023-12-23 08:00:00,0.16596,0.163,0.17165,0.163
2023-12-23 12:00:00,0.163,0.16316,0.16956,0.15937
2023-12-23 16:00:00,0.16316,0.16149,0.16787,0.1611
2023-12-23 20:00:00,0.16149,0.15828,0.16294,0.15501
2023-12-24 00:00:00,0.15852,0.15933,0.163,0.1552
2023-12-24 04:00:00,0.15933,0.16021,0.1673,0.15773
2023-12-24 08:00:00,0.16058,0.16,0.16381,0.1588
2023-12-24 12:00:00,0.16001,0.15826,0.16211,0.15524
2023-12-24 16:00:00,0.15852,0.15851,0.16475,0.15535
2023-12-24 20:00:00,0.15851,0.15522,0.15852,0.1536
2023-12-25 00:00:00,0.15441,0.15647,0.15951,0.15434
2023-12-25 04:00:00,0.15647,0.1585,0.1736,0.1552
2023-12-25 08:00:00,0.1585,0.1592,0.16037,0.15712
2023-12-25 12:00:00,0.1592,0.15947,0.1645,0.159
2023-12-25 16:00:00,0.15947,0.14931,0.15968,0.14849
2023-12-25 20:00:00,0.14931,0.14889,0.14931,0.14186
2023-12-26 00:00:00,0.14889,0.14725,0.14929,0.14686
2023-12-26 04:00:00,0.14749,0.14334,0.14778,0.13913
2023-12-26 08:00:00,0.14337,0.15312,0.15422,0.1421
2023-12-26 12:00:00,0.15312,0.14841,0.16027,0.14669
2023-12-26 16:00:00,0.14841,0.15785,0.16139,0.146
2023-12-26 20:00:00,0.15786,0.15905,0.163,0.15756
2023-12-27 00:00:00,0.1598,0.1574,0.16549,0.15628
2023-12-27 04:00:00,0.15744,0.15248,0.15744,0.15102
2023-12-27 08:00:00,0.15249,0.1593,0.1636,0.15089
2023-12-27 12:00:00,0.15988,0.15113,0.162,0.15
2023-12-27 16:00:00,0.15113,0.148,0.15234,0.14408
2023-12-27 20:00:00,0.148,0.1373,0.14978,0.13093
2023-12-28 00:00:00,0.13708,0.13708,0.14039,0.13251
2023-12-28 04:00:00,0.137,0.12793,0.13906,0.125
2023-12-28 08:00:00,0.12793,0.1254,0.12924,0.118
2023-12-28 12:00:00,0.1254,0.12533,0.13049,0.123
2023-12-28 16:00:00,0.12514,0.12529,0.126,0.1201
2023-12-28 20:00:00,0.12529,0.12163,0.126,0.12163
2023-12-29 00:00:00,0.12189,0.1297,0.132,0.118
2023-12-29 04:00:00,0.1297,0.1351,0.14,0.12907
2023-12-29 08:00:00,0.1351,0.13747,0.14165,0.13442
2023-12-29 12:00:00,0.13747,0.13654,0.13842,0.13551
2023-12-29 16:00:00,0.13654,0.13014,0.13656,0.12934
2023-12-29 20:00:00,0.13014,0.12575,0.132,0.12538
2023-12-30 00:00:00,0.12575,0.12716,0.12798,0.12213
2023-12-30 04:00:00,0.12716,0.13067,0.13078,0.12561
2023-12-30 08:00:00,0.13067,0.12498,0.13083,0.12287
2023-12-30 12:00:00,0.12442,0.12323,0.1258,0.12052
2023-12-30 16:00:00,0.1236,0.12414,0.12579,0.12153
2023-12-30 20:00:00,0.12414,0.12183,0.12466,0.12009
2023-12-31 00:00:00,0.12154,0.12382,0.12572,0.12015
2023-12-31 04:00:00,0.12382,0.12433,0.12435,0.12205
2023-12-31 08:00:00,0.12433,0.12552,0.1265,0.12331
2023-12-31 12:00:00,0.12581,0.12853,0.12907,0.12552
2023-12-31 16:00:00,0.12853,0.12776,0.12898,0.12767
2023-12-31 20:00:00,0.12776,0.12701,0.1315,0.12551
2024-01-01 00:00:00,0.12759,0.12911,0.1315,0.12701
2024-01-01 04:00:00,0.12911,0.12725,0.13034,0.12557
2024-01-01 08:00:00,0.12725,0.12583,0.12803,0.122
2024-01-01 12:00:00,0.12583,0.1269,0.12802,0.12556
2024-01-01 16:00:00,0.1269,0.12418,0.12707,0.12332
2024-01-01 20:00:00,0.12493,0.12474,0.12619,0.12415
2024-01-02 00:00:00,0.12474,0.13212,0.13224,0.12446
2024-01-02 04:00:00,0.13189,0.13175,0.1353,0.12855
2024-01-02 08:00:00,0.13175,0.13105,0.1346,0.13105
2024-01-02 12:00:00,0.13105,0.13092,0.13269,0.13
2024-01-02 16:00:00,0.13021,0.13278,0.13728,0.13001
2024-01-02 20:00:00,0.13332,0.13656,0.13999,0.13001
2024-01-03 00:00:00,0.13607,0.138,0.138,0.13507
2024-01-03 04:00:00,0.138,0.13855,0.141,0.13741
2024-01-03 08:00:00,0.138,0.13427,0.13924,0.13357
2024-01-03 12:00:00,0.1334,0.12718,0.1334,0.1204
2024-01-03 16:00:00,0.12718,0.12795,0.13212,0.12711
2024-01-03 20:00:00,0.12795,0.12583,0.1298,0.12254
2024-01-04 00:00:00,0.12577,0.11708,0.12674,0.1134
2024-01-04 04:00:00,0.11852,0.12042,0.12135,0.11852
2024-01-04 08:00:00,0.1193,0.12595,0.12875,0.11542
2024-01-04 12:00:00,0.12503,0.12963,0.12999,0.12224
2024-01-04 16:00:00,0.12963,0.13065,0.13172,0.12554
2024-01-04 20:00:00,0.13065,0.12994,0.13625,0.12866
2024-01-05 00:00:00,0.12994,0.12342,0.13008,0.12147
2024-01-05 04:00:00,0.12342,0.12121,0.12399,0.12095
2024-01-05 08:00:00,0.12122,0.12065,0.12448,0.11824
2024-01-05 12:00:00,0.12065,0.12,0.12213,0.11959
2024-01-05 16:00:00,0.12002,0.11854,0.12124,0.11704
2024-01-05 20:00:00,0.11854,0.11964,0.11964,0.11609
2024-01-06 00:00:00,0.11951,0.11727,0.11964,0.11649
2024-01-06 04:00:00,0.11727,0.11646,0.11797,0.11636
2024-01-06 08:00:00,0.11636,0.11902,0.11962,0.11569
2024-01-06 12:00:00,0.11909,0.11855,0.12031,0.11722
2024-01-06 16:00:00,0.11855,0.11893,0.1241,0.11792
2024-01-06 20:00:00,0.11811,0.11776,0.11893,0.117
2024-01-07 00:00:00,0.11776,0.11596,0.11805,0.1157
2024-01-07 04:00:00,0.1159,0.11541,0.11658,0.11529
2024-01-07 08:00:00,0.11604,0.11576,0.11677,0.11545
2024-01-07 12:00:00,0.11645,0.11802,0.1187,0.11547
2024-01-07 16:00:00,0.11806,0.12012,0.12393,0.1179
2024-01-07 20:00:00,0.12012,0.1173,0.12041,0.1153
2024-01-08 00:00:00,0.11727,0.1152,0.11768,0.115
2024-01-08 04:00:00,0.115,0.11606,0.11606,0.115
2024-01-08 08:00:00,0.116,0.11255,0.11606,0.11235
2024-01-08 12:00:00,0.113,0.11413,0.11698,0.11236
2024-01-08 20:00:00,0.11779,0.12057,0.12095,0.11572
2024-01-09 00:00:00,0.12053,0.11515,0.12069,0.115
2024-01-09 04:00:00,0.11515,0.11314,0.11612,0.11122
2024-01-09 08:00:00,0.11314,0.11514,0.11693,0.11123
